-0.340778
0.282422
0.0226469
-0.154583
0.231991
-0.0114312
0.0884803
0.411071
-0.241797
0.427199
0.252564
-0.0790986
-0.303882
-0.201255
-0.0267997
-0.01956
-0.335822
-0.475226
-0.667939
-0.262562
-0.0634751
0.0477549
-0.477447
0.00137666
-0.727426
-0.174499
0.119706
-0.538255
-0.400551
-0.0589639
1.30429
-0.0537181
-0.0575462
-0.0462816
0.179075
-0.350067
-0.0417002
-0.182363
0.443126
0.223245
0.00931575
-0.177111
-0.116215
0.106232
-0.141578
-0.153514
-0.048768
0.0659066
-0.52843
-0.382159
-0.263141
-0.034091
-0.48462
-0.0845845
-0.719426
-0.272265
-0.215147
0.173365
0.084085
-0.100688
-0.0925911
-0.0671577
-0.0387777
0.0358993
-0.023026
-0.34742
-0.0696597
0.675546
-0.0427927
-0.0907861
-0.0207512
-0.107234
0.84236
0.0108366
0.0437601
-0.60301
-0.427468
-0.312216
0.173651
-0.123301
-0.410453
0.174722
0.414309
0.305379
0.0201477
-0.104101
-0.158937
0.00455392
-0.191768
-0.0293752
0.0476815
0.017528
-0.0972148
-0.0207034
0.0328252
-0.0500959
-0.1516
-0.072056
-0.063596
-0.004637
-0.155361
0.0307907
-0.123727
0.177646
-0.27718
-0.213526
-0.030621
-0.138687
-0.41138
-0.0209034
-0.281335
-0.30219
-0.286654
-0.110386
-0.299157
0.0185606
0.675805
0.375252
-0.0523576
-0.0619068
-0.0255629
-0.0285197
0.0579692
0.0517887
-0.228563
-0.00341762
-0.425785
0.193005
0.430732
0.145126
-0.289973
-0.140271
-0.00240017
0.256315
-0.152093
-0.0857905
-0.172992
-0.107121
-0.144686
0.0940905
0.0126228
0.00883916
0.115425
-0.165944
-0.0178255
0.0130254
-0.34471
-0.153076
-0.174664
0.474253
0.248575
0.0224857
0.121205
0.0613986
-0.0148834
0.207089
0.244654
0.243024
0.0159966
0.146403
0.257466
-0.4372
-0.586945
-0.0112018
-0.014339
-0.285502
0.0177493
-0.149655
-0.465661
-0.267069
0.422472
0.145988
0.0508695
-0.121758
-0.350634
-0.165111
-0.0672794
0.011605
0.131279
-0.15816
-0.268444
-0.224255
0.0885238
-0.0862314
-0.0594925
0.816597
0.142109
0.00284331
-0.110098
-0.237145
-0.254698
0.924914
0.0274196
-0.0113797
-0.130749
0.0207053
-0.043965
-0.12554
-0.182129
-0.117988
0.0249452
0.347135
-0.121242
0.300119
-0.0996621
-0.282245
-0.677133
-0.58991
0.0570016
-0.418804
-0.337205
-0.0450726
-0.00687819
-0.127999
-0.150294
0.0308111
-0.211349
-0.61373
-0.0527953
-0.113802
-0.127804
-0.0429889
-0.146212
0.524609
-0.0206979
-0.0766548
-0.228754
-0.452172
0.00722308
-0.212059
-0.373406
-0.231134
-0.147941
-0.185683
0.1568
-0.273545
-0.393388
-0.132331
-0.12829
-0.0520763
-0.236794
-0.0118551
0.0495896
-0.0162273
-0.0890323
-0.0289054
-0.0585891
0.144028
-0.0965948
0.220379
-0.0420015
-0.261382
-0.131202
-0.4572
-0.432634
-0.412937
-0.366593
-0.000837441
-0.268299
-0.180367
-0.179693
0.179826
-0.0830688
-0.426776
0.141229
-0.116017
-0.0199642
0.0710997
-0.214288
1.07111
-0.136725
-0.319302
0.0447712
0.418193
-0.133588
0.150839
-0.127567
-0.0502423
-0.359037
-0.0544803
-0.388504
0.136984
-0.0381808
-0.419138
-0.0694601
-0.219149
-0.0397543
0.944437
0.768066
0.0147454
-0.639633
0.0789188
0.407255
0.398398
0.626841
0.437359
-0.826052
0.186538
0.0546133
0.0290126
-0.0798764
0.341452
-0.774543
-0.3246
-0.168858
-0.0366401
-0.610601
-0.24087
-0.156545
-0.278887
-0.273426
-0.254475
-0.0880636
0.0410709
-0.0803179
0.10533
-0.0753813
0.00608046
-0.0264199
0.148718
-0.0275007
-0.0963259
-0.0904053
0.0299902
0.0152952
-0.120756
-0.0962349
-0.36972
-0.35996
-0.214178
-0.0308132
-0.0823129
-0.2725
-0.253367
0.0657765
-0.184022
-0.405975
0.074417
0.0458232
0.152395
-0.0182381
0.463539
-0.147395
0.494969
-0.2372
0.0814113
0.0889365
-0.292734
-0.0782737
0.121761
-0.0345688
-0.149259
-0.16675
-0.238243
0.191768
0.307266
-0.25398
-0.165194
-0.618732
0.106617
-0.221662
-0.0893811
-0.0987639
-0.229194
-0.0912186
-0.0372969
-0.180255
0.0917545
-0.152807
-0.194582
-0.0564638
-0.325345
-0.169389
0.5353
1.22379
-0.214557
0.0638473
-0.140592
0.00842796
-0.165236
-0.34478
0.163818
-0.0158739
0.3441
-0.0422606
-0.0125869
-0.0131448
-0.130555
-0.0246083
-0.295554
-0.0676059
-0.0547264
-0.131588
0.187282
-0.229611
0.750491
-0.0762941
-0.0603414
-0.296302
-0.264833
-0.194443
-0.205683
-0.090308
-0.1756
-0.711824
-0.480151
0.4183
0.572741
-0.301622
-0.116516
-0.157333
0.915418
-0.0830628
0.404592
-0.0104189
0.0350955
-0.0676059
-0.0391115
-0.0805833
0.0840078
-0.0233567
-0.0850852
0.384353
-0.488608
-0.0130834
-0.0432544
-0.00375654
-0.00293887
-0.0675582
-0.108723
-0.365318
0.187492
0.25361
0.0931518
-0.161373
-0.0307876
-0.0975691
0.0128453
-0.0354212
0.259471
-0.100688
-0.352465
-0.0493875
-0.10319
0.153123
0.124677
-0.0354212
0.0645335
-0.197022
-0.528957
-0.052852
-0.0817277
-0.130511
-0.0231
-0.313425
-0.123862
0.00349685
-0.211777
0.34768
0.607074
0.768328
-0.338089
0.289905
-0.235613
0.0291762
-0.160202
-0.427179
-0.292797
0.423414
-0.0122739
0.259863
-0.0788512
-0.0675907
-0.292491
-0.153168
-0.143599
0.179943
0.754822
-0.198074
-0.135597
0.057415
-0.187283
-0.0632255
0.158598
0.511655
0.210668
-0.0118638
0.246822
-0.110258
-0.00588884
-0.276638
0.317323
0.244544
-0.0138764
-0.0578828
0.600886
0.260971
0.0493705
-0.130434
0.0340336
-0.216079
0.0402292
0.257571
-0.103201
-0.0337793
-0.108919
-0.322432
0.150483
0.174066
0.404124
-0.00486231
-0.0587025
0.524667
0.299212
-0.552625
-0.248806
-0.159405
-0.0151842
-0.0215226
-0.0347811
-0.276278
0.0764197
-0.482719
-0.104068
-0.0756238
-0.117325
0.00890166
-0.16017
0.147164
-0.264686
-0.125598
-0.13555
-0.256562
-0.208808
0.0396818
-0.0858411
0.233587
0.061433
0.182629
0.352006
0.140066
-0.263558
-0.207287
-0.213311
-0.116503
-0.117877
-0.254761
-0.514877
-0.475241
0.00904766
-0.118395
-0.154463
-0.263344
0.0754949
-0.246123
0.0132247
-0.384277
-0.149906
-0.206231
-0.193398
-0.207322
0.084043
-0.0938472
-0.326263
-0.0705386
-0.244864
-0.00176486
-0.0766762
-0.27748
-0.426517
-0.172495
-0.0718462
-0.335703
-0.298401
-0.240493
-0.15102
0.913225
-0.0205427
-0.103279
-0.43603
-0.403887
-0.135257
0.0217506
0.0260709
0.104136
-0.0328508
-0.442967
-0.358543
-0.260667
-0.151908
0.0625636
0.0174513
0.0951266
-0.127233
-0.128175
-0.0419065
0.0701709
-0.143825
-0.0329589
-0.184662
-0.127915
-0.16036
-0.463699
-0.130429
1.10818
-0.334914
-0.0618194
-0.289923
-0.191959
-0.146603
0.180092
-0.187086
0.17782
0.0549401
-0.226523
0.9814
-0.133051
-0.0856424
0.36238
-0.152926
-0.356869
-0.117966
-0.0986183
0.588686
-0.102929
-0.785789
-0.712497
0.375451
-0.15488
-0.282442
-0.084587
-0.00683885
-0.188252
-0.085775
-0.156526
-0.413961
-0.160167
-0.144566
-0.153576
-0.0449218
-0.119615
-0.195426
0.0678511
-0.0680698
-0.174264
-0.0290216
-0.313784
-0.211001
0.128479
-0.223695
0.508356
0.346918
-0.275874
-0.0303691
0.146535
0.0335332
0.0950101
-0.103118
-0.109899
0.270662
-0.122598
0.0927187
-0.0530349
-0.0428031
-0.50173
-0.145316
-0.179216
-0.143885
-0.320129
-0.370991
0.357148
-0.279384
-0.237145
-0.262575
-0.130625
-0.0351469
0.0690129
0.436506
0.254196
-0.0350469
-0.0550223
-0.0380071
-0.176181
0.45558
-0.143277
-0.0444435
-0.124808
-0.259736
-0.387744
-0.138343
-0.0296554
0.0222494
0.053461
-0.0772636
-0.222562
-0.154876
-0.0993726
-0.138405
-0.149505
-0.0578099
0.137144
0.43355
0.104015
-0.379781
-0.333623
0.020726
-0.417461
-0.0679863
-0.0674753
0.0289181
-0.219066
-0.0646776
-0.123434
-0.154338
0.029178
-0.213456
-0.330565
-0.26703
-0.17604
-0.104694
0.260862
-0.204246
0.0507886
-0.10838
-0.0325752
-0.0768885
-0.0552152
0.383486
-0.198816
0.840755
0.75006
-0.0990903
-0.133292
0.469324
0.00744075
-0.176535
-0.054369
-0.112921
-0.0982514
-0.0790617
-0.376616
-0.0554454
-0.106002
-0.063688
-0.164088
0.193606
-0.0356157
-0.387008
-0.613115
-0.186809
0.109572
0.107234
0.761023
0.0243155
-0.00295177
-0.0182221
0.0185465
-0.298953
-0.235238
-0.164762
0.0771887
0.0105917
0.312638
-0.203016
-0.527682
-0.605126
-0.277263
-0.261803
0.718917
-0.252829
0.0818501
0.00986111
0.494815
-0.213217
0.0591867
-0.0721578
-0.04085
-0.0540575
-0.0715062
-0.0910653
-0.00881261
-0.605166
-0.201882
-0.356829
-0.239173
-0.0656549
-0.158159
-0.00680277
-0.123766
-0.122349
-0.0816801
-0.230765
-0.555858
0.660311
0.563016
0.48662
-0.146345
0.0769656
0.248685
0.156775
-0.231332
-0.327907
-0.0872984
-0.0198049
-0.241842
-0.0864681
-0.125165
-0.107796
0.326634
0.296532
-0.314379
-0.0303455
-0.143597
-0.0607375
0.0104214
0.0447029
-0.204026
0.225392
0.0218933
-0.0911264
0.252508
0.00700194
0.0812446
0.0579253
0.478191
-0.229241
-0.292613
-0.115947
-0.0583269
0.38842
-0.571389
0.0701206
0.152871
0.0963523
-0.0629357
-0.0648856
-0.178843
-0.00638299
-0.0946178
-0.265754
-0.162364
-0.175487
-0.11938
-0.260551
-0.105068
-0.243793
0.0305053
0.832324
-0.176727
-0.176552
-0.0870954
0.0389214
-0.0825201
0.0207929
-0.0299735
-0.144687
-0.0699071
-0.0190475
0.958341
0.501911
-0.0609582
-0.203926
-0.251374
-0.120793
0.114781
-0.103545
-0.115266
-0.129162
0.152033
0.337491
-0.212966
-0.298146
-0.00127375
0.364332
-0.156843
0.0131492
-0.0894179
-0.062111
-0.177455
-0.236675
-0.154676
-0.276976
-0.287588
-0.311872
-0.159996
-0.131376
-0.28296
-0.270059
-0.118022
-0.36355
-0.509551
-0.032575
-0.120065
0.0695389
-0.0466456
0.0121769
-0.0994263
-0.0392011
0.809895
1.07155
0.135801
0.228345
-0.104634
-0.171794
-0.180665
-0.23158
-0.22205
-0.16374
-0.181201
0.0585511
-0.0792703
0.0130912
0.00607127
0.255577
0.522797
-0.0709843
-0.0412606
-0.0403478
-0.444413
0.105884
0.45475
0.143016
-0.336577
-0.205619
0.0839975
-0.324067
-0.00286676
-0.0814643
-0.150304
-0.220816
0.741906
0.952017
-0.131828
-0.332354
-0.0946641
-0.198221
-0.227524
0.203488
-0.120172
-0.551099
-0.102505
-0.188838
0.0546234
0.116139
0.0368431
-0.103014
-0.103811
0.124292
0.295635
-0.0878571
-0.334139
-0.0713143
-0.0116868
-0.103752
-0.163273
-0.177112
-0.144132
-0.210911
0.411649
-0.0791492
-0.129218
-0.0629538
-0.217045
-0.176264
-0.179974
-0.361463
-0.00818108
0.436449
0.186699
-0.0562189
0.0997529
0.0167098
-0.154659
-0.113602
0.159793
0.101654
-0.0880335
-0.132994
-0.980254
-0.000135767
0.257435
-0.0499567
-0.0487323
1.18137
-0.0166501
-0.023904
-0.0399548
0.010606
-0.573385
0.267964
-0.0849822
0.629067
-0.166472
-0.153273
-0.000397117
0.0468155
0.146093
0.028752
-0.568549
-0.250484
-0.211843
0.0103363
-0.183952
-0.474501
-0.442211
-0.0622934
-0.248287
0.720454
0.212633
-0.0418704
0.0431732
0.000874272
-0.0971296
-0.0745051
-0.031398
-0.334301
-0.0613124
-0.238389
-0.179111
-0.182986
-0.0144975
-0.032256
-0.250265
-0.237501
-0.248043
-0.711548
0.0918215
-0.0276756
-0.23028
-0.453586
0.161622
0.131363
0.225759
0.217988
1.05584
-0.367894
-0.088375
0.0204661
0.120351
-0.0641865
-0.202767
-0.305464
-0.912114
-0.200559
0.149541
0.126554
0.0985454
-0.880643
-0.406895
-0.311628
-0.0146721
0.291891
-0.138267
-0.332608
-0.139028
-0.197989
-0.0344705
0.668372
0.290336
-0.319462
0.124638
-0.378475
0.440224
-0.236855
-0.32804
-0.546129
-0.531836
0.370258
-0.0914985
-0.55469
-0.114793
-0.0710147
-0.25213
-0.177577
0.296679
-0.157449
-0.217336
-0.17354
0.0143236
-0.225753
-0.290694
0.272735
-0.00768709
0.087614
0.0842463
0.233666
0.0805848
-0.116493
0.561394
0.0324301
0.155778
-0.118927
0.0994276
-0.165584
0.0514275
0.458326
0.740993
0.110415
0.181618
-0.0842052
-0.00545799
-0.168988
0.000638396
0.322888
0.267268
0.941751
-0.00141555
0.223666
-0.0576747
0.622441
1.2038
0.280438
0.0372867
0.109487
0.0766662
-0.365646
-0.208995
-0.447095
-0.0875992
-0.0122814
-0.131396
-0.619385
0.160682
-0.0474301
0.103735
0.467028
0.34647
-0.174984
-0.195426
-0.287233
-0.258273
-0.121944
0.0559243
-0.194354
0.17168
0.134297
-0.0111002
-0.0338305
0.0279763
0.541544
0.432213
0.0882249
0.0500808
-0.176086
-0.254715
-0.461203
-0.36496
-0.355521
-0.19739
-0.567904
-0.0560573
-0.139733
0.415249
-0.0772701
0.0447186
0.0357654
-0.166026
-0.0148952
0.000469783
0.124519
0.119448
-0.104977
-0.401927
-0.709026
-0.0834655
0.292668
-0.152563
0.0987559
0.0405822
0.678967
0.205542
0.142977
0.12257
-0.133616
-0.11755
0.205986
-0.442045
-0.222712
-0.133466
-0.0392401
-0.205267
0.0421348
-0.134095
0.821875
0.14542
0.160598
-0.1399
0.330927
0.565129
0.153665
-0.173413
-0.163034
-0.216718
0.0912002
0.126084
0.0236661
0.413138
-0.25239
0.211316
0.147009
0.139118
-0.422529
-0.426661
-0.082857
-0.112324
0.090624
-0.284717
-0.0041943
-0.301335
0.0170012
1.74674
0.622328
0.361216
0.0709681
0.192637
-0.048501
-0.278101
-0.467605
-0.620219
0.278336
-0.107859
-0.284564
-0.289191
-0.347149
-0.176651
-0.409344
0.108046
0.0764339
-0.368909
-0.495557
0.0633722
0.836706
0.266834
0.244968
0.76537
-0.116617
-0.746549
-0.415506
0.726497
-0.132331
-0.0292209
-0.0960676
0.905199
0.749805
-0.0271781
-0.0809326
-0.0759172
-0.158598
-0.44874
-0.199749
-0.200053
-0.0751121
-0.0927533
-0.132888
0.168009
0.111872
0.194263
0.152492
0.271535
0.235125
-0.0702864
-0.113603
1.30875
1.40221
0.0889312
-0.105057
0.23961
0.206599
0.0386936
-0.126932
-0.114602
-0.186573
-0.0881189
0.335183
0.229708
-0.0285943
-0.0135094
1.03182
0.13588
0.283905
0.130329
0.0380141
-0.0891337
0.142916
-0.0110751
-0.171525
-0.204337
-0.0424966
0.0761738
0.370379
-0.5615
-0.436435
-0.205856
-0.203206
-0.0660289
-0.049695
-0.26587
-0.0995218
0.367243
0.0973682
0.0250471
-0.0860279
0.0799936
0.188281
-0.182343
-0.0832702
-0.157275
-0.13384
-0.209683
1.29567
-0.305183
-0.28487
-0.590282
-0.100562
-0.274609
0.0680604
-0.125734
0.082836
0.851257
0.0276546
0.129633
0.0686738
0.140897
0.524728
0.048446
0.553446
-0.0622234
-0.165869
-0.0654519
-0.0976835
0.0326189
-0.022072
-0.00520542
-0.156894
-0.26087
-0.263642
-0.151773
-0.257596
-0.275285
-0.220542
-0.546712
0.0841321
-0.551772
-0.372423
-0.209838
-0.451745
-0.0522891
0.687362
0.43766
0.248975
-0.261494
0.272273
0.222496
0.27196
0.291901
-0.137295
0.121639
-0.269937
-0.0439926
0.0928973
-0.533973
-0.0676913
0.629103
1.27712
-0.254729
0.010186
1.23508
0.0453567
-0.397457
-0.263523
0.0178528
-0.324211
0.433965
0.223807
-0.222308
0.0589617
0.0287947
-0.193445
-0.0214105
-0.100798
-0.410679
-0.16335
0.0930629
-0.506727
0.0173091
-0.0700512
-0.234725
-0.0277149
-0.435432
-0.353177
-0.398069
-0.455411
0.0752308
0.517848
1.05623
1.69901
0.0724052
0.220301
0.141181
-0.156361
0.0339053
-0.201793
0.183408
-0.230767
-0.162402
-0.172938
-0.252905
-0.174086
-0.222285
-0.243872
-0.248682
-0.238699
-0.157767
-0.154568
-0.128257
-0.201482
-0.123489
-0.12375
-0.100673
-0.185011
-0.223766
-0.0806557
-0.246871
-0.28948
-0.445607
-0.36578
-0.130138
-0.0776957
-0.180216
0.121892
0.589081
-0.0564638
0.053354
-0.450823
0.017444
-0.0807213
0.180157
0.0588104
0.986164
-0.224306
0.107633
-0.199706
-0.106194
0.127344
-0.0221688
-0.214901
0.547698
-0.132394
-0.138461
0.124514
-0.0849755
0.139795
0.185453
0.288797
-0.220834
-0.23389
0.142027
-0.160746
-0.045747
-0.059995
-0.0504032
-0.058029
-0.0928848
-0.121732
-0.156629
-0.289543
-0.277314
-0.250892
0.149416
-0.0540957
0.108371
0.323336
0.582257
0.0357413
-0.13568
-0.222049
-0.182645
-0.0812957
-0.313433
0.0885835
0.269369
0.173394
0.0402002
-0.205419
-0.394092
-0.0284163
-0.245864
0.10008
-0.229148
-0.681569
-0.162587
0.495382
-0.0723102
0.114592
-0.591076
0.116878
0.229472
0.383012
0.422342
-0.32893
1.05522
0.189809
0.0721697
-0.153085
-0.452109
-0.522309
-0.246337
0.127815
1.24016
-0.103768
0.10278
-0.113947
-0.0565801
-0.0408841
1.49515
1.55184
0.399645
0.14497
-0.0928539
-0.0351704
-0.188998
-0.112265
-0.123681
-0.15231
-0.0148595
0.584828
-0.210941
0.0247764
0.0948778
0.21078
0.333172
-0.0781732
-0.37084
-0.170805
0.139069
0.121459
-0.107794
-0.142968
-0.167246
-0.0842269
0.260368
0.251215
0.268319
0.268073
-0.346208
-0.324951
-0.423007
0.240179
-0.432822
0.0828671
0.398337
-0.157712
-0.201489
0.521672
-0.0481557
0.320207
-0.0980466
0.00848432
-0.548698
-0.275397
-0.296488
1.75761
0.0745172
0.288201
-0.190663
0.245955
0.167056
0.195105
0.0843454
-0.057402
-0.186689
-0.263187
-0.263703
-0.216157
-0.124875
-0.0797755
0.252509
0.0303961
-0.592275
0.577405
0.242874
-0.183024
0.155818
-0.115298
0.0701937
-0.414915
-0.00385413
0.216306
-0.171081
-0.263295
-0.426829
-0.171341
-0.247705
0.296737
0.0230341
0.717093
0.411578
0.100266
-0.578552
0.634322
-0.139879
-0.0308894
0.365885
-0.560341
-0.321619
-0.141293
-0.0786528
0.170912
0.425915
-0.0950702
-0.00246866
0.113107
0.0595759
-0.0693446
-0.061057
-0.0852541
-0.529539
0.189892
0.603546
0.0904012
0.256145
-0.436645
-0.308342
-0.0518307
0.141308
-0.154349
0.0703301
-0.171957
-0.227199
0.261931
-0.0311061
0.328661
-0.018741
-0.0482164
-0.135198
-0.0651477
-0.207673
-0.119365
-0.316248
-0.209669
0.620449
0.0955657
-0.577319
0.371557
0.244464
-0.0232667
-0.0730403
-0.211712
-0.0365965
0.242781
-0.343978
0.260553
-0.332351
0.259185
0.246965
0.0760444
0.212073
0.112534
0.323646
-0.648915
0.744756
-0.299878
-0.246228
0.582198
-0.021456
-0.0494479
-0.660802
0.088671
0.133325
0.132832
-0.645253
-0.0531802
0.176351
-0.12881
0.100882
-0.307385
-0.127349
-0.129102
0.140514
-0.347175
-0.0760428
-0.0834021
-0.513417
0.125552
0.0744084
-0.822533
0.348244
0.33117
0.025626
0.043595
0.100374
0.17608
-0.177498
0.538905
0.230281
-0.188113
0.0504934
0.0472363
-0.203538
-0.207228
-0.197463
-0.0373094
0.493596
0.741007
0.0555572
0.287257
-0.199389
-0.180936
0.0240435
-0.197788
0.181469
0.27405
0.0211751
0.0919115
0.348608
0.944409
-0.313568
-0.316597
0.105317
0.189549
0.0682338
-0.255479
-0.361392
-0.0458866
0.256799
0.722402
0.264647
-0.243697
-0.161786
-0.339029
-0.191174
0.302282
-0.175057
0.187045
1.40211
0.289396
-0.159849
0.0576033
-0.0707848
0.405769
-0.243358
-0.148767
0.633126
-0.437205
0.107042
-0.42192
-0.27337
-0.123655
0.404312
-0.502008
-0.177664
-0.0266774
0.0787412
0.0184072
-0.144201
-0.457777
0.0271708
-0.324398
0.119894
0.035925
0.0171372
-0.143176
-0.233684
-0.402085
-0.284494
0.385982
0.0449666
0.014519
0.294865
-0.915503
-0.410254
-0.46139
-0.214995
-0.268914
0.0671939
0.0636783
-0.363664
-0.751639
0.121084
-0.329166
0.408731
-0.0908011
-0.128346
0.252092
0.271178
0.192694
-0.235366
0.220635
-0.1615
-0.127581
0.049499
-0.0941086
-0.135473
0.191867
-0.709089
-0.0497848
-0.265402
-0.216154
0.962578
0.95208
-0.0850472
0.559001
0.0180409
-0.253109
-0.0619259
-0.134628
-0.0715959
-0.059748
-0.0535102
-0.0728956
-0.131122
-0.473169
-0.0542055
-0.322504
0.785695
0.005314
0.0618439
0.100371
0.127418
-0.131357
0.0982223
-0.114669
-0.175904
1.41191
0.752633
-0.0981154
0.513668
-0.0573623
-0.0059847
0.668222
-0.150759
-0.0437208
0.218381
-0.141411
0.202164
0.173764
0.13845
-0.126272
-0.0637206
-0.0890041
-0.16013
0.0406052
-0.465823
0.0959738
0.0435817
-0.0918827
0.109995
-0.128128
0.0796592
0.230495
0.486307
-0.634983
0.863417
0.676284
-0.217516
-0.226708
-0.0328061
-0.111421
-0.0667012
-0.163324
-0.025545
0.216653
-0.0232409
0.133285
-0.103349
0.107035
0.279849
-0.10948
-0.240124
-0.117517
-0.721376
-0.269018
-0.387325
-0.241646
-0.252209
0.170902
-0.121195
-0.0503511
-0.111437
-0.120112
-0.127952
0.0964694
-0.134391
-0.419768
-0.0364757
0.423582
0.276152
-0.248894
-0.064942
-0.476281
-0.583354
-0.331477
0.667742
-0.314356
-0.364944
-0.512749
-0.16992
-0.228936
-0.0647518
-0.181799
0.0682208
-0.326974
-0.247611
1.70058
-0.308326
-0.391459
-0.150618
0.0867509
0.98657
0.0230438
0.19382
-0.311862
-0.538571
0.74319
0.0475467
-0.00471406
0.286266
0.296802
-0.281444
0.0299481
0.388569
-0.217891
-0.210314
0.0549194
0.0515261
-0.0973341
-0.146694
0.0439911
0.257806
-0.0537855
-0.225426
-0.040703
-0.331155
-0.0893407
-0.726686
-0.174236
-1.10393
-0.611776
-0.0297487
-0.441989
0.183523
0.560105
-0.0910316
-0.0247176
-0.491371
-0.197103
-0.19787
1.239
0.238823
-0.102772
-0.226318
-0.17
0.0899275
1.24534
0.160386
-0.339184
-0.201079
-0.201342
-0.183869
-0.272782
-0.0409125
-0.259057
-0.164303
0.00935416
-0.206078
-0.145986
-0.289134
-0.138614
-0.2349
-0.23206
0.29793
0.761334
0.014879
-0.38828
-0.130112
-0.213009
-0.239099
-0.166773
-0.180462
-0.100221
-0.140066
-0.0951445
-0.150391
-0.386396
-0.357641
-0.0437497
-0.0976701
-0.494162
-0.196398
-0.231716
-0.127413
0.00157984
0.29065
-1.31904
0.0386136
0.0416936
-0.270958
0.116851
0.1208
-0.0381338
0.0364485
-0.158326
-0.135229
0.055251
0.0673585
-0.38819
-0.216337
-0.201549
-0.153229
-0.0697169
-0.203523
-0.270934
-0.0600437
0.0905171
-0.289152
-0.573201
0.220094
-0.141166
-0.548644
0.617623
-0.0741159
0.031025
0.0877988
0.0251117
-0.01782
-0.27377
-0.0478898
0.0608079
-0.210585
0.112669
-0.204831
0.0677433
0.0935723
-0.0348441
0.063182
-0.343082
-0.0964752
-0.220738
-0.289833
-0.20834
-0.340342
-0.279387
-0.138803
-0.304455
0.0231137
-0.237533
-0.0363319
-0.0831738
-0.159513
-0.176415
0.295462
0.10018
-0.182041
-0.24165
1.30869
0.375762
0.333371
-0.202511
-0.405333
-0.180771
-0.0953822
-0.189281
-0.0953922
-0.16257
0.0144357
-0.303782
-0.348043
0.0243578
-0.18782
-0.226505
-0.128196
-0.0793414
0.0164784
-0.108276
-0.190469
-0.564765
1.45283
0.364003
-0.373548
-0.0493943
-0.166947
-0.202912
0.156119
0.152768
-0.0484347
-0.201709
0.028778
-0.118488
-0.177818
-0.253267
0.159653
0.227996
0.237489
0.266814
0.0118015
0.0896748
0.55986
0.186882
-0.145373
-0.164455
0.852413
0.281908
-0.22629
-0.204526
-0.199585
-0.12724
-0.343093
-0.0494602
1.61582
0.0935332
0.197857
0.0949251
0.13002
0.236588
-0.0547264
-0.319139
-0.231656
-0.828061
0.971301
0.125962
0.120587
0.951738
0.0437601
-0.153061
-0.129149
-0.389262
-0.476802
-0.190448
-0.304773
-0.471095
0.323061
0.103498
-0.0496035
-0.036463
-0.406959
-0.225145
-0.222545
-0.16036
-0.0707976
0.140261
-0.527219
0.0511012
0.230175
0.746287
-0.177338
-0.105973
-0.0834086
-0.142404
0.437796
0.248143
0.274731
-0.220881
-0.180946
0.112295
0.381932
-0.0554691
-0.207757
-0.129703
0.0887339
-0.137588
-0.76756
-0.13713
0.0228417
-0.174955
-0.0782622
-0.0694111
0.201718
0.162329
1.01821
0.152431
-0.219025
-0.0188086
-0.459566
-0.190704
-0.35794
-0.096641
0.161854
0.0208806
0.383648
-0.105907
-0.193079
-0.102811
0.0946373
-0.439379
-0.51918
-0.141225
0.107377
0.42242
-0.0341871
0.377187
-0.289467
-0.768955
0.168159
-0.791006
-0.141335
-0.423374
0.075333
-0.0565433
0.0558378
0.0972632
-0.124111
-0.125835
-0.154917
-0.147648
-0.141174
-0.241833
-0.117786
-0.305962
-0.213617
-0.485908
-0.0836929
-0.209551
-0.200454
0.272337
0.0145149
-0.266965
0.415338
0.243746
0.00266886
-0.052137
-0.0552774
-0.140955
-0.308763
-0.220887
-0.243039
0.0514742
-0.117146
0.0120403
-0.0461112
-0.338991
-0.262813
-0.149779
-0.0998792
0.131775
-0.0409562
-0.218193
0.0598072
-0.322068
0.465046
0.602678
-0.137411
-0.105777
-0.198818
0.148549
0.674113
0.377813
-0.0615342
0.0830063
-0.031648
-0.236036
0.0917973
-0.0578682
0.197612
-0.119243
0.12624
-0.208701
0.106708
-0.282848
-0.322822
0.205406
1.63228
-0.272419
-0.095727
-0.0415628
-0.273893
-0.302379
-0.0888768
0.378824
-0.0277717
-0.188412
-0.223587
-0.696411
-0.0212188
0.151898
-0.0812458
-0.0935067
-0.364668
-0.144067
0.103382
-0.300687
-0.171663
-0.357902
0.106578
-0.157471
-0.286164
-0.167574
-0.171906
0.138245
-0.16934
0.903141
0.127888
0.0313456
0.0902627
0.0264951
0.145647
-0.051979
-0.292685
-0.10536
-0.292529
-0.110746
0.322481
-0.530411
-0.246275
-0.222141
-0.233426
-0.0289551
0.0915073
-0.0294406
0.502088
1.29811
1.22979
0.75836
0.312869
-0.235649
0.113087
-0.00953875
0.0295051
-0.0298269
0.0421545
-0.220572
-0.209394
-0.184403
-0.0584494
0.126408
-0.0805247
-0.479451
-0.0547264
-0.232385
-0.282758
-0.264105
0.0151758
0.177214
-0.209133
-0.183035
0.133903
0.0336182
-0.0529314
-0.752672
-0.559157
-0.00157467
-0.158571
-0.0202308
-0.0303417
-1.1476
0.251459
-0.165511
-0.160777
-0.899991
-0.419185
-0.168111
-0.31311
-0.0973322
-0.237643
-0.243868
0.566875
0.394358
-0.222606
0.324673
-0.204174
0.0131099
-0.336983
-0.325057
0.0149311
-0.176739
0.342758
0.00642212
0.0728941
-0.219222
-0.313525
-0.0577859
-0.135685
-0.24774
-0.140157
-0.172829
-0.06501
-0.038913
-0.381554
-0.0951241
0.0598312
-0.573516
0.449126
-0.340377
-0.266821
-0.1059
-0.0672199
0.0502501
0.803667
-0.0511999
-0.417397
0.375333
-1.16438
-0.180015
-0.449491
-0.812889
0.286635
-0.57469
-0.00396532
0.415493
0.125678
-0.110795
0.00102129
0.201112
0.320076
0.714309
-0.127192
-0.341971
-0.0775271
-0.228073
-0.490202
-0.425512
-0.246657
-0.361187
-0.837422
-0.0967728
-0.317809
-0.0971231
-0.201821
-0.254413
-0.0978823
-0.0829477
-0.218076
-0.167215
-0.203445
-0.119594
-0.14251
0.120507
1.67515
1.47197
0.617662
0.661573
0.62776
-0.0106552
-0.00709271
0.149731
0.0801811
0.161373
-0.00458766
0.0769981
-0.338701
0.442313
0.0361224
-0.631195
-0.513568
-0.310571
0.475151
-0.304578
-0.143883
0.0137092
-0.137726
-0.186989
-0.709893
-0.722168
0.041403
0.00108678
-0.158294
-0.0681512
-0.351644
0.383869
-0.163127
-0.137158
-0.447376
-0.505764
-0.228102
0.253533
0.00626385
0.054715
0.14052
0.604374
0.0987779
-0.170617
0.124157
0.273549
-0.0484139
0.114363
1.54496
0.135326
0.134639
0.406493
0.0325851
-0.0130456
-0.767335
-0.263255
-0.0500264
-0.442513
-0.318372
-0.0334059
-0.678189
-0.137586
0.23549
-0.145316
0.0621414
-0.117608
-0.126027
-0.166141
0.0952865
0.083865
-0.284092
-0.0927869
-0.135217
-0.280037
0.148554
-0.127362
0.0130569
-0.0314138
-0.0953466
-0.148398
-0.154082
0.244391
-0.149047
0.825227
0.195844
-0.177829
-0.19906
0.0488997
-0.0117657
-0.168047
-0.442298
-0.153087
-1.04423
0.314121
-0.0580334
0.225054
0.0373752
0.2227
-0.0614124
0.672783
-0.0744453
0.146628
-0.0380296
-0.252883
-0.0804996
-0.357947
0.015379
-0.00714144
-0.0761662
-0.168793
-0.14449
-0.227828
-0.159334
-0.196299
-0.256273
-0.189086
-0.0259796
0.0415824
-0.538517
-0.253249
-0.109714
-0.0504205
-0.196924
-0.433108
-0.0513312
-0.303806
-0.0590851
0.00399852
-0.0815027
-0.0583092
-0.138765
-0.0902115
-0.139588
-0.205332
-0.139299
0.300283
1.77111
-0.171571
0.059095
0.0708963
-0.292267
0.268795
-0.229557
-0.114384
-0.0676059
-0.400583
-0.161466
0.115176
-0.109667
-0.0232439
0.056725
-0.748866
-0.191071
0.00544853
-0.182079
0.0187507
-0.029127
0.168199
0.0215413
-0.174755
-0.212402
-0.0494186
-0.145864
-0.0992367
-0.569416
-0.0204955
-0.298055
-0.0548342
-0.158138
0.000586697
-0.0624965
-0.483545
-0.107972
-0.193441
-0.0609071
0.220726
-0.0378958
0.190072
0.096183
0.0889876
-0.229871
-0.111554
-0.201183
-0.0613324
-0.03699
-0.302006
-0.562359
-0.0673651
-0.267453
-0.337127
-0.263376
-0.175503
-0.35861
0.0122013
0.171513
-0.367217
-0.268827
-0.0124102
0.203961
0.000349889
0.0587433
0.469585
-0.362109
-0.0879235
0.347086
0.0283486
-0.27946
0.032644
0.00565565
-0.366581
-0.0214854
-0.142104
-0.378534
0.12535
-0.375475
-0.327758
0.000504018
-0.0366911
0.0201392
0.457613
-0.0649582
-0.267433
-0.0117045
-0.0710473
0.125771
-0.111162
-0.126004
-0.465788
-0.170059
-0.240702
-0.28964
-0.327292
-0.248731
0.0633072
-0.121315
-0.231792
0.10068
-0.0519614
0.337452
-0.0541799
-0.205281
0.0742666
0.536986
-0.110616
0.0798236
0.0842032
0.45115
1.37496
-0.0762639
0.00509025
0.266845
0.357854
-0.00328943
-0.0465734
-0.212085
-0.2427
-0.0386744
0.011357
-0.0966114
-0.145768
0.0177983
-0.179944
0.93444
-0.135355
-0.142051
0.333077
-0.0452069
-0.113223
-0.269306
0.0355317
0.46312
-0.217187
0.0172561
-0.197811
0.798134
0.622067
0.551681
0.349782
0.0521039
-0.053861
0.113555
0.0257525
-0.0845983
-0.0135832
-0.15888
-0.201619
-0.129278
-0.418537
0.165787
0.0753655
1.02671
0.386362
-0.103521
-0.288072
-0.0571143
-0.0766647
0.597849
0.438471
-0.7379
-0.24993
-0.0729484
0.126659
0.176863
-0.205956
-0.223337
-0.087042
-0.0283593
0.000627954
1.62749
0.758457
-0.0817868
-0.18892
-0.134645
0.0067341
-0.123588
-0.0928477
-0.0221219
-0.141836
0.236218
-0.0966971
-0.298809
-0.16036
0.144134
0.204458
-0.233221
-0.181723
0.440518
-0.296134
-0.0360559
0.0258057
0.21726
-0.201047
0.832098
-0.377962
-0.140157
-0.0516951
-0.0711858
-0.0492094
-0.256493
0.128531
-0.263448
-0.000798902
-0.0852929
-0.156252
-0.0985212
0.148043
-0.0180708
-0.0857051
-0.215342
-0.37683
-0.264843
-0.0173594
-0.641594
-0.0841591
-0.480175
-0.139157
-0.373988
-0.154847
-0.347732
-0.322343
-0.0972414
-0.270179
0.0783642
-0.0199642
-0.100547
-0.215167
-0.0240688
0.220391
0.173748
-0.114308
-0.265359
-0.222508
-0.132914
-0.113848
0.6462
-0.125744
-0.0376152
-0.73878
-0.344762
0.0693639
0.570867
0.0476551
-0.236785
-0.366414
0.0209143
-0.0609753
-0.202797
-0.121327
0.812672
-0.0404262
0.120245
0.330931
0.104882
0.106851
-0.286814
-0.130594
-0.209873
-0.103738
0.185813
-0.490745
0.878818
-0.113602
-0.0719621
-0.0242915
-0.0683093
-0.202453
-0.301558
-0.0949347
0.102752
0.00804448
0.0987682
-0.0720204
-0.116911
-0.0696561
0.271836
0.841193
0.00846721
0.196728
-0.025165
-0.540382
0.123332
-0.2344
-0.207179
-0.13095
0.151665
-0.135689
-0.324395
-0.292187
-0.117114
-0.2191
-0.182031
-0.201154
0.210873
-0.120341
0.138247
-0.168596
-0.0215163
-0.164945
0.000873549
-0.188935
0.0663999
1.50682
-0.46796
-0.191144
-0.202912
0.160061
0.179728
-0.109391
0.167856
-0.0403716
-0.407154
-0.367436
-0.217761
0.37419
0.740547
-0.0720407
0.191703
0.0154939
-0.247945
0.446182
0.195929
-0.0116089
-0.235925
0.506135
-0.658042
-0.494312
0.0109031
0.24548
-0.0966156
0.0803242
-0.127079
-0.210431
-0.18306
0.0295946
0.0319592
-0.185859
-0.154057
-0.195592
0.0325929
-0.16457
-0.573777
0.78597
0.0651739
0.14213
-0.329885
-0.124983
0.966063
-0.0911547
0.347878
0.263717
-0.237651
0.227092
0.325915
-0.0427699
-0.0354212
-0.268699
-0.156664
-0.109875
-0.387154
-0.254024
-0.197049
0.8458
0.41032
0.211327
-0.404576
0.10344
-0.0159823
-0.0146617
0.0764145
-0.219692
-0.197676
-0.112455
0.326214
0.184874
0.192927
-0.234176
-0.052215
0.150215
0.172821
-0.140272
-0.369262
-0.0785866
-0.170969
0.376411
-0.27158
-0.237071
-0.585671
-0.118112
-0.124208
0.018619
-0.0375733
-0.304059
1.33208
0.086609
0.133676
0.00930825
0.0492783
-0.138725
-0.338252
0.0054787
-0.228739
-0.170224
-0.242389
-0.448063
-0.153432
-0.28155
-0.177298
0.263788
-0.0285484
-0.201091
-0.421987
-0.160625
-0.35721
-0.0154271
0.22408
-0.0124743
0.29084
0.644503
-0.0343222
-0.00604223
0.269849
0.317036
-0.224126
-0.171137
-0.176493
-0.0837259
0.114135
0.12214
0.074705
0.165293
-0.230398
-0.060021
0.0101799
-0.371779
-0.266377
0.00680479
0.313231
-0.096445
0.681876
0.624776
0.787279
0.0505396
0.0990799
-0.25981
-0.273666
-0.062326
-0.0640975
0.0225003
-0.101575
-0.410747
-0.213547
-0.0592325
-0.181315
-0.12869
-0.120389
-0.156217
-0.137246
-0.573995
-0.400603
-0.0411169
1.57367
1.65328
-0.0142867
-0.1565
-0.0997399
0.121343
0.170354
0.590607
-0.0831132
-0.0821561
0.166501
0.0552368
-0.203281
-0.0368498
-0.90128
-0.0561058
-0.504693
-0.299728
-0.171114
-0.0807801
-0.398028
-0.127935
-0.620543
-0.276918
-0.11906
-0.23609
0.100731
0.0387412
-0.431803
-0.439877
0.307364
-0.03251
0.00723418
0.262084
0.256483
0.0498284
0.0945727
-0.102146
-0.0532772
-0.0516753
-0.0757872
-0.461665
-0.425546
-0.225686
-0.617559
-0.389192
-0.0216466
-0.119148
-0.0914164
0.0430643
0.186954
0.26976
0.292252
0.0353361
0.657488
-0.12656
-0.0252378
-0.210496
-0.0891316
0.0458645
-0.210691
-0.0984729
0.186428
-0.177711
-0.155577
-0.207021
0.341936
-0.0394991
1.43762
-0.382355
-0.803906
-0.148487
-0.360516
-0.234746
-0.226733
-0.0693898
-0.0462117
-0.117064
-0.352113
0.163443
-0.0225076
-0.120593
0.0102419
0.220107
-0.258
-0.0228182
-0.0829619
-0.242078
-0.426346
-0.196555
-0.38477
-0.183223
-0.33658
0.226616
-0.100422
-0.17063
-0.00893161
-0.0567842
-0.120029
-0.118799
-0.299909
-0.031793
0.275762
-0.34643
-0.356297
-0.108604
-0.227601
-0.368079
0.425615
0.105069
-0.244252
-0.140494
-0.180854
-0.197559
-0.317045
-0.0892698
-0.582352
0.273394
0.243538
-0.157247
-0.547615
-0.789811
1.38549
0.158149
0.406585
0.106952
-0.118606
-0.835832
-0.288997
-0.480274
-0.119509
-0.1011
-0.412353
-0.739968
-0.23195
-0.127868
-0.432039
-0.0189061
0.0125426
-0.275263
-0.08545
-0.0539361
-0.0868374
-0.0781732
-0.0678695
-0.033522
0.0806293
0.0524987
0.183654
0.105522
-0.220766
-0.290353
-0.101026
-0.122931
-0.272939
-0.282168
-0.0633114
-0.296943
0.125276
-0.309321
0.293256
0.0193312
0.0728332
-0.18359
-0.0984138
-0.0526507
-0.131821
-0.160584
-0.105702
-0.0265123
-0.312097
-0.152162
0.400736
0.437463
0.649671
-0.678874
0.14719
0.0749044
0.11415
-0.237067
-0.444647
0.300799
-0.117889
0.14848
-0.278844
0.109817
-0.163965
-0.358788
-0.0309323
-0.0594857
-0.0480919
-0.220852
-0.146299
0.0304853
-0.220787
-0.739701
-0.251662
-0.324333
-0.0854039
-0.102368
-0.0535919
-0.102231
-0.128175
0.374753
-0.145156
-0.124059
-0.274631
-0.218043
-0.193539
-0.233924
-0.0930462
-0.301764
-0.177045
-0.308771
-0.432731
-0.328147
-0.259812
0.188123
-0.207684
-0.275954
-0.082282
0.111307
0.0227586
1.18389
0.5418
0.431241
-0.0113368
-0.34173
-0.342904
-0.0818099
-0.188883
-0.211512
-0.610594
-0.406778
-0.298633
0.0381679
-0.0465417
-0.089471
-0.211875
-0.192129
-0.202191
-0.115914
0.182264
0.0315256
-0.16135
-0.0246496
-0.339564
-0.151369
0.337936
-0.126109
-0.132936
0.100985
-0.401652
-0.113785
0.0272468
-0.119437
-0.219801
-0.21108
-0.145093
0.0223367
-0.0559978
-0.290957
-0.197229
-0.107862
-0.443036
-0.512542
-0.553903
-0.410292
0.0188749
-0.152226
-0.117101
-0.141913
0.375453
0.21179
0.165375
-0.0965302
0.241071
-0.497271
-0.251644
-0.0887056
-0.411264
-0.663442
-0.219772
-0.183261
0.289402
0.733815
0.436811
-0.178711
-0.105659
-0.215558
0.181131
-0.354462
0.263626
0.49805
-0.00323649
0.254539
0.473869
0.0189105
0.0620136
-0.216616
-0.347447
-0.401069
-0.480459
-0.185839
0.13958
0.707893
-0.129291
-0.922471
-0.0311093
-0.336075
-0.174468
-0.409485
0.0361777
0.201773
-0.0523439
-0.0229268
0.319996
0.0142666
0.000236844
-0.414844
-0.289758
-0.0905898
-0.119436
0.373321
0.16672
-0.0448627
0.0056811
0.16142
-0.364378
-0.218043
-0.0202643
-0.317645
0.109959
-0.0593502
0.0539539
-0.240695
-0.141739
-0.0670511
0.40413
-0.218352
0.0599475
-0.175818
-0.516819
0.640962
0.171768
-0.12221
0.109994
-0.204201
0.199215
-0.00345154
-0.191057
-0.405892
0.272342
-0.0428073
-0.0742619
-0.127577
-0.203056
-0.136527
-0.499299
-0.0601804
-0.203604
-0.315514
-0.13349
-0.126569
0.17676
-0.411174
-0.473939
-0.207095
-0.151185
-0.118859
-0.309699
0.77462
0.163881
-0.238359
-0.235715
0.0409157
-0.299515
-0.155031
-0.275544
-0.199133
-0.320013
-0.0840901
-0.00323652
-0.233381
-0.316049
-0.244147
-0.256457
-0.315641
-0.120462
0.0441489
-0.00943332
1.13186
-0.232747
-0.106418
-0.0804907
-0.206183
-0.022042
-0.16036
0.321181
0.617467
-0.0665652
-0.212128
-0.359369
-0.13088
-0.210784
-0.441626
-0.193155
-0.00172819
-0.24241
-0.764602
-0.297793
-0.488691
0.201836
-0.0976003
-0.164993
-0.0833856
-0.393682
-0.220144
0.0200178
0.219246
0.271113
-0.215263
-0.136311
-0.329631
-0.0241565
0.033497
0.0777232
-0.280031
-0.362138
-0.376683
-0.396942
0.000837948
0.0417994
-0.0154088
0.12149
-0.190323
-0.0963542
0.150792
-0.106293
-0.142789
-0.223533
0.0856781
-0.139756
-0.0128195
-0.013053
0.705137
-0.0703163
-0.00808829
-0.0374779
-0.145808
0.502674
-0.0820944
-0.124183
-0.454929
1.0199
-0.141762
-0.455711
0.974766
-0.0309103
-0.120549
-0.200337
-0.0267768
0.100282
0.0225708
-0.0234811
-0.106876
-0.384793
-0.160052
-0.0674476
-0.103715
0.59174
0.41033
0.110184
-0.0459714
0.0310558
-0.621818
-0.270139
-0.515902
-0.412419
-0.271985
-0.0968851
-0.147586
-0.16625
0.342256
-0.0105976
-0.259518
-0.231969
-0.330193
0.0997928
0.0124863
0.200118
-0.0992066
0.533114
-0.192944
-0.109623
-0.122305
0.269569
-0.027163
-0.17726
-0.129603
-0.506293
-0.350103
-1.06212
-0.932323
-0.0117285
0.155344
-0.0511092
0.376622
-0.0331693
-0.503915
-0.257582
-0.133007
-0.433742
-0.523168
-0.779461
-0.192627
-0.0336805
0.116471
0.110445
-0.146235
-0.0545001
0.0748577
-0.208192
-0.0164745
-0.270748
-0.147706
0.329278
0.0176885
-0.190849
-0.342579
0.0350571
-0.261177
-0.183065
-0.0821259
-0.210891
-0.715701
-0.107732
0.642662
0.206427
1.03565
0.2822
-0.0999935
-0.0249437
-0.733216
-0.315696
-0.00451954
0.294086
0.0194996
-0.322898
-0.118483
0.0861497
0.0376059
0.210183
0.157622
0.0649494
-0.0420725
-0.117714
0.144076
0.271151
0.244555
-0.116429
0.123408
-0.25193
-0.597314
0.154162
-0.28717
-0.260073
-0.487099
-0.694772
-0.112403
-0.0453295
0.192424
0.126334
0.0124626
0.142664
-0.0239569
-0.175272
0.41685
-0.0343544
-0.0538556
1.06813
-0.134445
0.5148
-0.0507886
0.43488
-0.00622562
-0.327261
-0.62968
-1.16911
-0.303066
-0.0900069
-0.756638
-0.237222
-0.166231
0.483755
-0.147808
-0.352667
-0.182188
-0.256467
-0.301828
0.0048077
-0.232886
-0.0708573
-0.117047
0.114908
-0.0999783
0.408115
0.128109
0.430108
0.547839
0.0163847
-0.101571
0.0290031
-0.186689
-0.136091
-0.146659
-0.0190924
-0.165863
-0.503212
-0.334263
-0.225807
-0.524687
-0.357715
-0.15214
-0.0800708
0.0957098
-0.273448
-0.137065
-0.473706
0.0234119
-0.149605
-0.144922
-0.355346
0.0956269
-0.0606992
-0.242072
-0.528372
-0.142714
-0.489112
-0.37288
-0.535653
-0.362517
-0.323889
-0.281404
-0.206311
-0.142233
-0.32127
-0.154187
0.303421
-0.108239
-0.655456
0.462779
-0.137378
-0.0168201
-1.03845
0.744631
-0.629305
-0.198119
-0.167599
-0.0867052
-0.178706
-0.149306
-0.337304
-0.318722
-0.181241
-0.0941561
-0.0224131
-0.148689
-0.281197
0.705646
1.06909
0.238881
0.189562
0.932894
0.125667
-0.0322581
-0.443149
-0.392479
-0.110568
0.218039
1.019
0.220464
-0.348635
-0.0953051
-0.16947
-0.117586
0.395616
0.85267
0.0614888
0.314321
0.3165
-0.371959
-0.343972
-0.048831
-0.0530699
-0.116065
-0.125598
-0.0927894
0.264148
-0.373435
-0.241058
-0.104363
0.1749
-0.271978
0.241739
0.353692
0.386476
-0.141439
-0.460062
-0.285519
-0.0325614
-0.137034
-0.249255
-0.14495
-0.0531891
-0.0459228
-0.0687942
-0.654491
-0.729979
-0.311013
-0.0745426
0.00236733
0.302844
-0.129553
-0.248559
-0.184625
-0.17717
1.07739
0.709493
0.0137463
0.049634
-0.0762702
-0.0638409
-0.132806
-0.257673
-0.17951
-0.374495
-0.0520811
-0.405167
-0.231431
-0.103752
-0.0953907
0.144208
-0.066888
-0.0695828
0.231518
0.194869
-0.0242969
-0.110303
0.110469
-0.281217
-0.212123
-0.0932223
-0.111762
-0.37846
-0.0844002
-0.304267
-0.298142
-0.0179518
-0.0572705
0.775802
0.765582
0.0371935
0.159545
0.0891974
-0.174705
0.224563
-0.40712
0.112568
-0.199101
-0.350627
0.0637686
0.0418228
0.0409207
-0.306635
0.188712
-0.44946
-0.0686999
1.35855
0.301455
0.0155709
0.0482027
-0.240729
-0.0206187
-0.197197
0.0625869
-0.443374
-0.354734
-0.439813
-0.281931
-0.154745
-0.211963
-0.531774
1.22312
0.0491294
-0.060367
-0.0742467
1.33029
0.353348
-0.136025
-0.289516
-0.324153
0.393079
0.0297251
-0.438043
0.0274274
-0.356648
-0.083991
-0.398711
-0.109582
-0.205207
-0.136045
-0.30888
-0.148997
-0.371259
-0.253769
-0.121673
-0.376932
-0.403793
-0.0173508
0.507884
-0.0104736
-0.086337
-0.313851
-0.285795
-0.140313
-0.151203
-0.329129
0.151559
-0.164947
0.179219
-0.0704168
0.487149
0.0458703
-0.035696
-0.152926
-0.0648979
-0.538778
-0.324217
0.0719756
0.0927646
0.494458
0.0504056
0.181362
0.379901
-0.137006
0.124883
0.385943
-0.246481
-0.0663208
0.643461
-0.178658
-0.154827
-0.237841
-0.132
-0.75562
-0.192617
-0.220161
0.266961
-0.0251736
0.089265
-0.174468
-0.076394
0.064157
-0.159497
-0.163697
-0.197842
-0.21939
-0.316291
-0.354585
-0.22912
-0.104373
-0.133998
0.0802737
0.178368
0.353915
-0.215232
-0.345881
0.000345337
-0.142643
0.251368
-0.0441291
-0.504905
-0.0824448
-0.784713
-0.163589
-0.00838667
-0.292986
-0.315922
-0.11505
-0.442302
-0.224845
-0.369927
-0.192238
-0.297284
-0.196575
-0.193935
0.0868492
-0.175625
0.108196
0.0141376
-0.716516
-0.101369
-0.160832
-0.124788
-0.170327
-0.15006
-0.177568
-0.246275
-0.179822
-0.164548
-0.0977387
-0.108182
0.0893017
-0.174004
-0.492394
-0.283025
-0.110302
0.0317689
-0.371319
-0.122256
-0.242729
-0.293494
-0.236659
-0.829289
-0.104524
0.140236
-0.0189008
-0.301815
0.342456
0.0218071
-0.067739
0.00662627
-0.305456
0.310902
-0.247961
-0.141961
-0.196186
0.0770078
0.524844
-0.119251
0.265789
0.228385
-0.705727
-0.102024
-0.186379
0.413671
-0.106549
0.189943
0.0830625
-0.0337854
-0.0594646
0.581933
-0.195426
-0.266506
-0.27361
0.431235
-0.249898
0.128057
-0.236336
-0.333722
-0.275522
0.661015
0.455737
0.514392
0.0930629
-0.0755748
-0.00319223
-0.122819
0.215822
0.187704
0.0593388
0.22305
0.6683
0.596602
-0.0645143
-0.172805
0.109218
-0.335168
-0.1011
-0.280463
0.869138
-0.0327116
-0.241605
-0.0140831
0.233752
0.163744
-0.0941836
-0.251478
-0.207633
0.603551
0.413928
-0.0322205
-0.669626
0.162083
-0.993301
0.393836
0.266662
0.687406
-0.00104547
0.285812
-0.117394
0.369318
-0.146327
-0.204842
0.00335061
-0.298428
-0.118051
-0.108354
-0.232891
-0.13296
1.15676
0.0278812
0.898143
0.65529
0.365274
-0.137259
-0.19893
-0.203401
0.0203569
0.0981364
0.4135
0.61517
-0.655405
-0.272192
-0.529142
-0.155519
0.104069
-0.103791
-0.024374
-0.0719966
-0.0500992
0.0344116
0.401575
-0.393853
-0.218915
0.0774769
-0.236575
0.718079
-0.148937
0.0193869
-0.389901
-0.513957
-0.527679
-0.151146
-0.336451
-0.274269
-0.0491783
-0.772195
-0.267441
0.0065433
-0.113867
0.126806
-0.152559
-0.166591
1.01852
1.54949
-0.343805
-0.2648
0.434828
0.582336
0.196065
1.27965
-0.0525892
0.139751
-0.113231
-0.0249558
0.0294641
-0.128253
-0.119742
-0.180823
-0.281622
0.347132
-0.197061
0.124044
-0.0107285
-0.607652
0.142331
-0.297695
-0.452762
-0.635525
-0.0256453
0.0990961
-0.179876
-0.0947991
-0.382129
-0.28143
-0.163816
-0.15131
1.54278
-0.0906696
1.58516
-0.243391
0.235188
0.0345031
-0.260475
-0.361099
-0.283861
-0.305833
-0.21055
-0.0686877
-0.114415
-0.541834
0.169718
-0.101441
-0.0938071
-0.0515363
-0.581308
-0.108436
0.000325989
-0.216745
-0.111093
0.10212
-0.102158
-0.30085
-0.135335
0.715465
-0.328059
-0.260028
0.218551
0.513873
0.334552
-0.0527375
-0.16008
0.0944933
-0.617921
-0.199376
-0.130653
0.279102
-0.0869488
-0.185597
0.0115028
0.376936
-0.0135786
-0.116494
0.131278
-0.150643
-0.488599
-0.453486
-0.53062
-0.702452
0.0209828
0.383938
-0.303771
-0.218249
-0.165683
-0.0296232
-0.129107
-0.181666
-0.189339
-0.337757
-0.119068
0.0364608
0.0677841
-0.00789231
0.435595
0.233991
-0.110685
-0.290513
-0.314328
-0.171942
-0.270906
-0.835749
-0.265439
-0.149724
-0.379004
-0.165584
0.131831
-0.601538
-0.304423
-0.199364
-0.127192
-0.0303118
-0.211247
-0.0790153
-0.104154
-0.67004
-0.743505
0.242856
0.0705785
-0.309911
-0.0491852
-0.175901
-0.221925
-0.252811
-0.0782897
0.526116
-0.154277
-0.0432559
-0.19519
-0.179551
-0.103065
0.0789165
0.0166954
0.146708
0.000481936
-0.180359
-0.121543
0.095662
0.152974
-0.0487852
-0.11166
-0.0866582
-0.0127276
-0.154608
0.121526
0.0779061
0.169595
-0.218272
0.218988
-0.0727694
-0.125925
-0.0752317
-0.1134
-0.12704
-0.171994
0.0210255
-0.116894
-0.16968
0.161088
0.0887833
-0.184249
0.0134548
-1.02523
-0.026925
-0.162396
-0.294846
-0.309265
-0.0813002
-0.241815
-0.0821646
-0.186439
-0.110626
0.225585
-0.022821
-0.0843889
0.230993
0.0475531
-0.229251
-0.1859
-0.0862361
-0.0813895
-0.131258
0.319372
0.741596
0.000223287
-0.283675
-0.619055
-0.287147
0.222571
0.396077
-0.223651
-0.315572
0.0968579
0.575175
-0.282621
-0.137441
0.0437601
0.284734
0.335783
-0.728638
-0.0263675
-0.19489
-0.287771
0.00255631
-0.067451
-0.0209499
0.230587
-0.229231
0.0195967
0.763084
0.543656
-0.0484417
-0.0434821
-0.483678
-0.155185
0.284729
-0.144994
-0.0542719
-0.28896
-0.113599
-0.313293
-0.368022
-0.144652
0.0307396
-0.120998
-0.219066
-0.0220385
-0.104116
-0.336451
-0.0668554
0.362807
0.571314
-0.182259
-0.0668347
-0.27826
-0.101798
0.353513
0.331914
-0.00120246
-0.587573
0.00282443
0.153271
-0.0535194
0.207617
0.0873393
-0.114936
-0.270235
-0.0500003
0.0123516
-0.252783
-0.172928
-0.0558784
-0.145262
-0.324656
-0.12902
-0.047003
-0.0816136
-0.111242
0.780459
-0.157932
-0.0146154
-0.17262
-0.25709
0.0847755
-0.499633
0.135705
0.347255
-0.176614
0.0425535
-0.510453
-0.264701
1.30446
-0.0284304
-0.0993885
-0.153668
-0.146425
-0.142749
-0.393527
-0.273552
-0.0296124
-0.294661
-0.379935
-0.13095
-0.176542
-0.192425
-0.106036
1.47719
0.0883171
-0.0473018
-0.382848
-0.684337
-0.115991
-0.194839
-0.446048
0.0788552
0.0967975
-0.508534
-0.144945
-0.311416
-0.250375
-0.676629
-0.315894
0.00224126
-0.344822
-0.619171
0.0166078
-0.252437
-0.504377
-0.290823
0.246629
-0.153973
-0.188536
-0.180523
-0.297766
0.103956
0.446334
-0.0487097
-0.399654
-0.511939
-0.312863
0.0749387
0.164538
0.343543
-0.121834
-0.615361
-0.101551
0.105738
-0.134145
-0.152083
0.061204
-0.211512
-0.0708378
0.210825
-0.117901
-0.206444
0.273259
0.486374
0.00321908
0.166738
-0.311276
0.193923
-0.296971
-0.183625
0.182063
-0.334623
0.0019031
-0.391261
0.00769896
-0.257687
-0.394305
-0.062003
-0.102703
0.109203
-0.681879
-0.46139
0.250601
0.445313
0.39614
0.273958
-0.0631305
-0.0791456
0.20884
-0.109459
-0.0493198
-0.168726
-1.02542
-0.656089
0.0779225
-0.0709004
0.154127
-0.303977
0.00841405
-0.281568
-0.231312
0.161734
0.715337
0.258418
1.03709
-0.170268
0.00150581
0.160624
0.0477124
-0.145314
0.866046
0.176328
0.385962
0.00207301
0.220837
0.00783316
-0.463209
-0.0231867
0.765086
0.108922
0.229695
-0.632079
0.00845142
-0.176365
-0.0246464
-0.223588
-0.015762
0.241636
-0.266596
0.00996809
0.4417
0.405367
-0.204944
-0.27475
-0.29189
0.173466
0.127127
0.118079
0.0635186
-0.246703
0.00910373
-0.136798
-0.0204529
-0.0745733
-0.414693
-0.111984
0.0755519
-0.268325
-0.142226
-0.224409
-0.222089
0.0983564
0.0207186
0.405066
-0.0576976
-0.102504
-0.328801
-0.14412
-0.129906
-0.295181
-0.13361
-0.330025
0.0676969
0.665245
0.241997
-0.16368
-0.209638
0.92395
0.0769615
-0.0734329
0.318399
-0.329959
0.150169
-0.190378
-0.184252
-0.00493186
0.747184
-0.367912
0.0877302
-0.529552
-0.206022
0.0515277
-0.532096
0.250676
-0.0852517
-0.245108
-0.231066
-0.354316
0.0567455
-0.21993
-0.485078
-0.196789
0.152627
-0.365399
-0.55981
-0.271215
-0.074305
-0.4422
0.0433486
-0.281404
-0.0620734
-0.107551
-0.407363
-0.0281928
-0.235999
-0.197835
0.00689545
0.757987
0.213745
-0.118418
-0.121067
-0.193538
-0.617072
-0.417655
-0.115003
-0.010146
-0.371434
-0.221252
0.428895
-0.114602
-0.399059
-0.599758
0.095653
0.00463583
-0.230493
0.289252
0.698011
0.0412764
-0.317146
-0.151206
-0.208225
0.203948
-0.400909
-0.0348363
-0.24233
-0.130102
-0.309881
-0.00623281
-0.418677
-0.226676
0.0708126
0.0674674
-0.336451
0.511718
-0.21247
-0.267013
-0.375051
-0.111422
-0.521398
-0.106169
-0.038127
0.193664
0.00198814
-0.321978
-0.127836
0.0738858
-0.355352
-0.318204
-0.142903
-0.324527
0.0420794
-0.137322
-0.201307
-0.734956
-0.108239
0.163984
-0.191154
0.178677
-0.53541
-0.180576
-0.125024
-0.369348
-0.169604
-1.0045
0.319861
-0.471698
-0.158708
-0.296726
0.090375
-0.0202245
-0.135568
0.654557
-0.130323
-0.508459
-0.530639
0.0524931
-0.44504
-0.413401
-0.146206
-0.102268
0.798132
-0.0478069
0.252967
0.347167
-0.37422
-0.180737
-0.32927
-0.181328
-0.339682
-0.113158
-0.500653
0.159968
0.0862226
-0.378806
0.198359
0.0559791
0.828552
0.764887
-0.78949
-0.143498
0.418862
0.692958
1.15995
-0.329112
-0.260421
-0.28508
0.281133
-0.252769
-0.0201237
0.331935
-0.227076
-0.143459
-0.0341569
-0.288125
-0.247128
-0.0216934
1.25378
0.826356
-0.054663
-0.549611
-0.875194
-0.158121
0.2559
0.0132019
-0.0482287
-0.28183
-0.0204647
0.0470225
-0.193234
-0.102368
0.077001
-0.184879
-0.33816
-0.159685
-0.0398664
-0.215814
-0.03791
-0.0705543
-0.300608
-0.307141
-0.177866
-0.208884
0.000737124
-0.251812
-0.242698
-0.476098
-0.336679
-0.164902
-0.121224
-0.0510153
-0.232301
0.0358767
-0.224766
0.0525134
0.00274315
-0.261818
-0.550928
-0.755696
-0.052314
-0.229752
-0.0467866
-0.666214
-0.741133
0.558634
-0.472892
0.204813
0.414367
-0.119719
-0.121313
-0.0783179
0.0728648
0.0306447
0.184217
0.0090146
-0.22148
0.13218
-0.183505
-0.254312
0.561914
-0.192134
-0.210145
-0.280456
-0.207739
-0.464337
-0.184866
-0.0398222
0.45991
0.156742
-0.0989404
-0.0912876
-0.21559
-0.268936
-0.309625
-0.291639
-0.520084
-0.0201965
-0.165055
-0.182572
-0.017844
0.530199
-0.456251
-0.131022
-0.24423
-0.140733
0.179881
-0.154897
-0.289905
-0.0284723
-0.137784
0.64168
-0.104426
1.29115
0.507292
-0.0315634
-0.117775
-0.1452
-0.0605162
0.12833
-0.205274
-0.254342
0.00218873
-0.368135
-0.122259
-0.00323649
-0.713636
-0.229557
-0.125079
-0.125292
0.00772271
0.0328723
0.326746
-0.0930462
-0.112833
0.393848
0.0528607
-0.0330925
0.187829
0.543499
1.19153
-0.187433
-0.513627
-0.151141
0.0922041
-1.00799
-0.101093
-0.182926
-0.34322
0.0899688
-0.120539
0.00057646
-0.421875
-0.344277
0.184718
0.348753
0.652606
0.00902504
0.0518074
-0.285053
-0.310887
-0.489239
-0.24899
-0.319758
-0.135418
-0.115051
0.33654
-0.193258
-0.0113923
-0.246275
-0.260984
-0.156254
0.425131
0.509826
-0.144963
0.0166675
-0.190642
-0.40793
-0.320672
-0.155956
0.114621
1.09056
0.0766922
-0.117679
0.00526761
0.00336233
0.34111
0.447309
0.465748
1.25517
1.18468
0.123282
-0.225159
-0.522733
-0.435285
-0.0723066
0.127253
0.0779246
-0.465152
-0.0173351
-0.177723
0.334147
0.156198
0.330606
0.742252
-0.479484
-0.334632
-0.0795629
0.427833
-0.398062
1.2969
0.432534
0.00651699
0.0221999
-0.108819
0.110846
-0.314881
-0.0965264
-0.286999
0.00278312
-0.16605
-0.42731
0.120728
0.213089
-0.163017
0.0420263
0.109783
-0.0570323
-0.250513
-0.0530873
-0.0666789
-0.165779
-0.252564
-0.420974
-0.0706147
-0.0962442
-0.158068
-0.264829
-0.25987
-0.109734
0.00224322
0.093823
-0.0484441
-0.0114462
0.22142
-0.217655
-0.194777
-0.0226418
0.0273557
0.271808
-0.243489
-0.155441
0.0137302
0.0628095
0.424134
0.759794
-0.0532396
0.199942
0.0984057
-0.802822
-0.614736
0.181786
0.250859
0.0760456
0.118696
0.0170079
-0.196804
-0.196913
0.107389
0.105303
-0.0694468
-0.315524
-0.415354
-0.188877
-0.0972361
-0.108175
0.0342147
-0.237393
-0.112165
-0.228146
-0.141327
-0.228218
-0.26737
-0.23503
-0.1861
-0.0703287
-0.185536
-0.124885
-0.0542765
0.0863475
0.0339315
-0.299006
0.104658
-0.0631085
-0.0354212
0.0306584
-0.348058
0.110929
-0.211022
-0.150612
-0.0856954
-0.185958
0.0715815
1.52264
1.32636
-0.0460211
0.127672
0.0531223
-0.115422
-0.20392
-0.205553
0.0740606
-0.504856
-0.0912561
0.0943489
-0.0862858
-0.203653
-0.539583
-0.295095
-0.251968
-0.263018
-0.229372
0.106479
-0.031455
-0.12913
0.280029
-0.488106
-0.236748
-0.435665
-0.405028
-0.386006
0.48348
-0.165341
-0.082229
-0.457354
0.029327
-0.412573
-0.278759
0.432364
-0.170935
-0.138931
-0.163253
-0.437146
-0.26225
-0.411533
-0.428816
-0.326888
0.0161607
0.0764214
0.141696
0.521612
-0.161434
-0.0834735
-0.16264
0.00530745
-0.198401
-0.491551
-0.874067
1.37084
-0.30627
-0.169398
-0.366095
-0.478879
0.12548
-0.0418895
-0.341704
-0.352376
-0.54901
-0.415971
-0.209217
-0.107857
-0.392522
-0.0695191
-0.115096
-0.0225477
0.0131633
-0.0769754
-0.269088
-0.233789
0.203508
-0.0566224
0.109326
0.243763
-0.154328
-0.224394
-0.174953
-0.264194
-0.0476557
-0.0405891
-0.11947
-0.377206
-0.365861
-0.185355
-0.127949
-0.142631
-0.262794
0.186556
0.27408
-0.440306
-0.476026
0.225878
0.233939
0.046609
-0.518383
0.0844443
-0.0993105
0.0821311
-0.11874
-0.0847948
-0.433361
-0.382454
-0.359025
0.0580706
0.245443
-0.0823669
-0.14291
1.27382
-0.63866
-0.13028
-0.246461
-0.626532
0.0237243
-0.103583
-0.204359
-0.152247
-0.523107
-0.0619802
-0.498871
-0.25802
0.0466608
-0.099126
-0.115658
-0.169805
-0.0862108
-0.206128
-0.151927
-0.230118
-0.123112
-0.109584
-0.22016
0.148829
-0.0468206
-0.579686
-0.422129
-0.383434
-0.509853
-0.307825
-0.0720751
-0.0815026
0.823955
0.0703261
0.222553
-0.11708
0.47729
-0.0596043
-0.633915
-0.127147
0.619591
0.203569
0.107523
0.00739189
-0.0347399
0.0882876
-0.0900642
-0.0337497
0.272939
0.186812
0.0860753
-0.528933
-0.121037
-0.110693
-0.0735247
-0.129575
-0.321398
-0.109168
0.183293
0.322499
0.364962
-0.187393
-0.110197
-0.25915
-0.200074
0.0443499
0.257734
0.126676
-0.152154
-0.019749
-0.0842698
0.208601
0.124914
0.431299
0.261707
-0.211947
-0.145649
0.348734
-0.0693473
-0.500253
-0.439185
-0.174573
0.157449
-0.117568
-0.393295
-0.210343
-0.427985
-0.859413
0.202581
-0.276066
-0.330811
-0.174678
-0.246437
-0.343894
-0.542386
-0.709795
-0.562814
0.0230742
-0.130689
-0.104799
-0.570259
-0.171982
-0.247939
-0.303142
-0.0773263
-0.172988
-0.139764
-0.510966
0.333698
-0.286383
-0.0035125
-0.645487
-0.189565
-0.297856
-0.158425
0.0877156
0.226487
1.62842
-0.0222136
0.0811466
0.12658
-0.218652
-0.119536
-0.322904
-0.0962373
-0.0155643
-0.238031
-0.0209434
-0.267497
-0.221617
-0.109638
0.560969
0.151613
-0.14255
0.0217821
-0.374136
-0.233232
-0.210813
-0.364117
0.133482
-0.164296
0.291811
0.142622
-0.993386
-0.253558
-0.331332
0.156566
-0.208823
-0.0670202
-0.105671
-0.0913606
-0.0946916
-0.0023921
-0.0915371
-0.426438
-0.137237
-0.371004
-0.272074
-0.619525
-0.363248
-0.152746
0.320644
-0.0290995
-0.137101
-0.06393
-0.158227
-0.144188
-0.145536
0.0996804
-0.680165
0.305973
-0.148085
-0.0591776
-0.360596
-0.0800682
-0.167984
0.56438
0.237675
-0.437749
-0.348877
-0.0839963
-0.179873
0.344558
0.502193
1.15436
0.201988
-0.397309
-0.77648
-0.213186
-0.0202328
-0.121751
0.0708006
-0.279489
-0.328954
-0.226941
-0.0787809
0.0392529
-0.101481
0.402667
-0.053278
1.20057
0.359067
0.122449
-0.0768922
-0.163881
-0.280358
-0.430505
-0.274303
-0.462984
-0.23097
-0.00419807
-0.0354212
-0.470393
-0.160848
-0.222576
-0.294724
-0.240776
-0.132088
-0.247951
-0.0638002
-0.0655755
-0.0237174
0.0375209
1.10595
0.271686
-0.17798
-0.303686
-0.080891
-0.35483
0.5546
-0.163678
-0.0809326
-0.364451
-0.0486066
-0.329781
-0.109101
-0.845326
-0.0274129
-0.290079
-0.4471
-0.181213
0.188108
-0.238284
-0.0728949
0.0910349
0.529165
0.342925
-0.222508
-0.380966
-0.20605
-0.0146035
-0.253675
-0.175656
-0.186378
-0.419089
-0.183484
-0.0964186
0.056501
-0.120867
-0.557942
0.502348
0.44882
-0.126056
-0.43373
-0.0641134
0.0239724
-0.227799
-0.0564083
1.24146
0.401293
0.0503794
0.0739196
-0.121808
-0.383523
-0.319975
-0.246596
0.326818
0.398094
-0.0846697
-0.0184108
0.297068
0.88196
-0.123044
-0.0573121
-0.289486
0.151127
0.259794
-0.0809234
0.0885964
0.154206
-0.436679
-0.235551
-0.057323
-0.0773471
-0.597667
0.260862
-0.00350838
0.000320867
-0.114662
0.0469186
0.0734368
-0.578597
0.0723735
0.971483
-0.499674
-0.131965
-0.255737
0.329892
-0.153813
-0.304798
-0.239195
-0.47451
0.309738
-0.0913657
0.0213064
0.186428
0.190693
-0.0193344
-0.141671
-0.359214
-0.28091
-0.131551
-0.132724
-0.0959089
-0.0644103
-0.132909
0.517201
-0.00216974
0.72718
-0.820857
0.0627989
0.515429
-0.321995
-0.157795
-0.153896
-0.0441434
-0.264696
0.0836211
-0.080726
0.429738
0.0474374
1.41954
-0.0264938
-0.00202735
0.0289297
-0.128256
0.0718015
-0.0459756
-0.669874
-0.720965
-0.357541
-0.15531
-0.0568861
0.117081
-0.0564395
-0.20745
-0.24686
-0.226513
-0.532746
-0.844507
-0.73705
-0.318844
-0.0863128
0.336931
0.0611682
1.17924
-0.108252
-0.186336
-0.00798295
0.0302007
-0.339774
-0.287326
-0.204665
-0.197608
-0.298845
-0.364277
0.119835
0.0995322
0.116119
-0.465039
-0.0701068
-0.174001
-0.176955
-0.0201263
0.236187
-0.177409
-0.11447
-0.179248
0.393296
-0.291424
-0.324116
-0.427036
0.192678
1.49518
0.114303
0.0987396
-0.103386
-0.0248539
-0.574071
-0.685264
1.14918
0.326108
0.230637
0.130994
0.0182941
-0.371334
1.52583
-0.0905792
0.0427112
-0.296778
-0.207396
-0.380889
0.242088
0.307549
-0.0167256
-0.00633621
-0.145834
-0.244178
0.0192264
-0.147843
-0.0326725
0.0752848
-0.129447
-0.252076
-0.182778
-0.419794
-0.314859
-0.173147
-0.158629
0.280811
0.180361
-0.267582
-0.267158
-0.371213
-0.0110512
0.0892298
-0.00529293
0.252493
-0.0603419
-0.324902
-0.268855
0.208173
0.0490753
-0.318556
-0.108868
-0.147612
-0.199183
0.19018
0.405846
0.62032
-0.96839
-0.520128
0.252588
-0.266968
-0.284227
0.355144
-0.213879
-0.518845
0.0747069
-0.13178
-0.2205
-0.417834
-0.0311772
-0.228365
1.64317
0.230466
-0.214001
0.0321582
-0.107996
-0.121808
-0.127785
0.102733
-0.100721
-0.0229705
0.239165
-0.347919
-0.254351
-0.00439874
-0.189081
0.11306
-0.268117
0.160964
-0.333984
-0.317844
-0.216745
-0.282642
0.209686
-0.198008
-0.176151
0.430992
0.924132
-0.141063
-0.255689
-0.448319
-0.401325
-0.772067
0.118163
-0.105737
-0.331326
-0.224093
-0.00763166
0.245349
0.644281
0.172504
-0.124416
0.298541
0.934702
-0.223973
0.0522482
-0.632402
-0.134213
0.00601541
-0.274848
-0.184171
-0.167327
0.58652
1.10656
0.814248
0.00589714
0.0876275
-0.000163319
-0.037898
0.0112702
0.0610582
0.00483387
-0.298818
-0.0577328
-0.162117
0.179141
-0.0212651
-0.0693078
-0.067213
-0.0841677
-0.536327
-0.411982
-0.046208
-1.04917
-0.425969
-0.100498
-0.226176
-0.883679
0.0393466
0.736099
0.133721
0.0952531
0.120817
-0.343291
0.00187274
-0.0906867
0.430112
0.0293446
-0.110118
-0.155872
-0.00565579
-0.179376
-0.419207
-0.131354
-0.0324857
-0.226819
-0.327595
-0.299603
-0.064027
0.0207498
0.0295196
-0.0768139
-0.225545
1.37593
-0.0358771
-0.0769826
0.194972
-0.171011
0.224379
1.10635
-0.153806
-0.138269
0.014128
-0.20991
0.242671
1.10769
0.771375
0.486768
0.216721
-0.141416
-0.120059
-0.00993966
-0.101116
-0.189835
-0.0428643
-0.104903
-0.0739477
-0.0742846
-0.332199
-0.126128
-0.361363
-0.19059
-0.0268449
-0.143811
0.00953547
0.307662
-0.124487
-0.0509976
-0.0928391
-0.482807
-0.166246
0.199765
0.160084
-0.941387
-0.159769
-0.138054
0.0341344
-0.00984112
-0.312318
-0.358239
-0.258953
0.144147
-0.264643
0.0310089
0.137613
-0.0740929
-0.0627635
-0.27733
-0.416772
-0.177216
-0.629838
-0.215718
-0.327935
-0.20678
-0.0990435
-0.198902
-0.203826
-0.0911864
0.0226859
-0.364198
-0.333493
-0.300999
-0.343077
-0.694939
-0.269186
-0.19794
-0.354889
-0.182666
-0.309693
-0.537947
-0.120474
-0.208576
-0.23824
0.19409
0.132178
-0.145003
-0.674667
-0.241886
-0.691528
-0.291599
-0.138135
-0.267856
0.0309161
0.316405
0.269915
0.481529
0.39701
-0.339884
-0.00523358
0.0230371
-0.140488
0.532753
0.331015
0.853271
0.384146
-0.0364895
0.586466
-0.215322
-0.137346
0.0188206
0.398192
-0.0275007
1.41176
-0.260912
-0.0831813
-0.000320379
-0.606333
-0.039454
-0.194732
-0.373749
0.0221508
-0.189134
-0.0394064
-0.391289
-0.220797
-0.149348
-0.0459196
-0.0474648
-0.166521
0.0207431
0.0104986
-0.0592677
-0.0532118
0.0117579
0.0696008
0.108926
0.327287
-0.192238
-0.329312
-0.183223
-0.0061276
0.230322
0.0886481
-0.0535687
0.254729
-0.167812
0.370512
-0.00565233
0.0568858
0.00133212
-0.425285
-0.170329
0.121252
-0.101322
-0.32733
-0.34967
-0.028784
0.0609888
-0.260455
-0.0475273
0.777965
-0.0493299
-0.00706743
-0.24737
-0.293608
0.024557
0.366934
-0.221645
-0.194551
-0.118999
-0.00676672
-0.0092284
-0.0564638
-0.10123
0.442611
-0.16855
0.131246
-0.147189
-0.0890983
-0.2854
-0.188183
0.0213374
0.183488
0.070093
-0.0831868
-0.0771198
0.450173
0.385877
-0.12026
0.33226
0.720276
0.302367
-0.286492
-0.125231
-0.185958
-0.226608
0.0964727
-0.0687647
-0.104607
-0.016232
-0.138272
-0.155642
-0.14105
-0.325499
0.0815047
0.625511
-0.366219
-0.294043
-0.0898342
-0.0764412
-0.117688
-0.153043
0.0173098
-0.0635334
0.242973
0.00914333
-0.0898999
-0.28024
-0.105887
-0.0817558
-0.121346
-0.216229
-0.215872
0.0701232
-0.0475193
-0.297782
-0.328234
-0.307067
-0.599558
-0.364012
-0.123176
-0.0920673
-0.353282
-0.12
-0.146212
0.217048
0.0282256
0.485215
-0.134479
-0.0256705
-0.16036
-0.280882
-0.382222
-0.258495
-0.674661
-0.530587
-0.29307
-0.374933
-0.120903
0.382445
0.275377
-0.0437733
-0.435778
-0.2403
-0.0344319
-0.0617865
0.179795
-0.280141
-0.294487
-0.571146
-0.734796
-0.0260408
0.500526
0.161591
0.0869654
-0.0674213
-0.138456
-0.154748
-0.391168
-0.0793976
-0.339556
-0.1927
0.830226
-0.169703
-0.255123
-0.193605
-0.2639
-0.243896
-0.35327
-0.157247
-0.243975
-0.0632864
0.217534
-0.121721
-0.0784789
-0.300748
-0.130075
-0.0263435
-0.337046
-0.255059
-0.054676
0.0254145
0.818784
0.00829013
0.180532
-0.597468
0.306849
-0.160557
-0.403336
-0.132967
0.284156
-0.470666
0.124736
0.0737233
-0.111013
-0.338411
0.0375367
-0.130545
-0.153409
-0.156297
-0.260742
-0.0470965
-0.42515
0.0692164
-0.141271
-0.0440499
0.00849843
-0.345198
0.273122
0.371377
-0.225659
0.0364026
-0.0151051
-0.0320385
-0.0102556
-0.21208
0.0554583
-0.190402
-0.297078
-0.180608
-0.169808
-0.0338333
0.10442
-0.0791916
-0.124558
-0.0923889
-0.121955
-0.268477
-0.376413
-1.01296
0.0800434
-0.0180966
1.23194
1.34689
0.553642
-0.240059
-0.215216
-0.122423
-0.294107
-0.259285
-0.0312621
-0.275163
-0.153714
-0.057987
-0.310362
-0.243528
-0.14251
-0.0612285
-0.129141
0.10685
-0.272734
-0.0646681
0.180322
-0.0584082
-0.0965738
-0.0721699
0.1861
-0.240411
-0.156381
0.304925
-0.131634
0.287193
-0.0970994
-0.0978061
-0.135302
0.138173
0.512964
-0.204406
0.222276
-0.182537
-0.11171
-0.472768
-0.154819
-0.151825
-0.0662609
0.809592
-0.193823
0.427689
-0.350103
-0.380586
-0.380739
-0.251838
0.333648
-0.138084
-0.0966286
-0.132167
-0.370675
-0.197161
-0.139143
-0.185234
-0.141242
-0.28801
-0.117608
-0.212669
-0.0480741
1.07723
0.544759
-0.124422
-0.254734
-0.266211
-0.646889
-0.0428262
-0.220061
-0.555684
0.492002
0.0011046
0.0194308
-0.310599
-0.0314616
-0.52433
0.219341
-0.0390631
0.000823635
-0.443534
0.301847
-0.215384
0.132133
-0.12546
-0.0933325
-0.13767
-0.0544688
-0.14506
-0.127911
-0.137969
-0.128733
-0.172112
-0.10809
-0.135547
-0.270406
0.0174825
-0.236948
-0.0791445
0.0543531
0.0908726
-0.00962479
-0.2137
-0.353506
-0.126217
-0.378268
-0.170656
-0.0132608
-0.313449
-0.334066
-0.202954
-0.136091
-0.0988211
-0.28103
0.260356
0.0390221
0.359763
-0.0585571
-0.279861
0.0132421
-0.220467
-0.169465
-0.176614
-0.163678
-0.099222
-0.156803
-0.11497
