0.121511
0.298403
0.0659936
0.0936123
0.145007
0.114286
0.123421
0.138954
0.046648
-0.0347648
0.0103321
-0.0923373
0.0180757
0.00767937
0.0375199
0.0628951
0.119745
0.174076
0.233233
0.0828896
0.160394
0.0623652
0.099845
0.0832632
0.0576964
0.12959
0.0566585
-0.00406682
0.0458005
0.00826788
-0.10538
-0.00466003
-0.0301537
0.0512893
-0.103445
-0.0204375
0.0049471
0.00933785
0.132823
0.117689
0.140716
0.0993273
0.0665091
0.0977929
0.142936
0.107342
0.132697
0.0721524
0.104845
0.0530998
0.0062046
-0.022839
0.0320847
0.0400078
0.00165603
-0.00718218
0.0375606
0.0335614
0.0181419
0.0153229
-0.0489817
-0.0166012
0.112244
0.0660921
0.0772303
0.0904984
0.200753
-0.0460508
0.0387077
-0.00537354
0.13688
-0.092466
-0.000120335
-0.0239331
0.0773081
0.0835399
0.0638403
0.0876176
0.139602
0.0619301
0.119976
0.138678
0.0370906
0.0827507
0.0593424
0.082118
0.0332106
-0.0358176
0.0438717
-0.00489034
0.0179329
-0.0112677
-0.070332
0.0553242
0.121449
0.000524599
-0.0396525
-0.000149828
0.210773
0.101347
0.217308
0.0859772
0.13359
0.161296
0.187172
0.115505
0.141361
0.165496
0.143719
0.0499468
0.0585916
0.0569633
-0.0375689
-0.0095451
0.0368553
-0.0360295
0.0446616
0.055739
0.0685704
0.0311513
0.0163701
0.0271188
0.204873
0.108343
0.0628328
0.0825608
0.0491512
0.140306
0.159585
0.102562
0.102259
0.0928785
0.145912
0.123834
0.0522207
0.109618
-0.0217563
0.0976348
0.0188313
-0.000781008
0.0470634
-0.0212915
0.0553197
0.0840961
0.0022253
0.0686644
0.144389
0.0772846
0.200543
0.129656
0.0860955
0.0352043
0.139405
0.0839627
0.0874572
0.0849523
0.135741
0.137689
0.00889146
0.0138262
-0.0172494
0.0377755
-0.0279486
0.0297505
-0.00553304
0.0786669
0.0500322
-0.000570798
0.0101488
-0.00429447
0.113874
0.194947
0.0493381
0.0838271
0.143619
0.10701
0.0856602
0.0472097
0.0640288
0.234721
0.11988
0.097082
0.0394834
-0.0209592
0.0230261
0.0224068
-0.0233233
0.0503314
0.0865964
0.000143281
-0.0216119
0.0168797
-0.0586121
-0.0395382
0.0105466
0.00722588
-0.0666194
0.143051
0.030355
0.113922
0.0231026
0.0974985
0.147067
0.124014
0.0751691
0.149129
0.119262
0.130884
0.0946098
0.0595009
0.0417319
0.0264233
-0.00486882
0.0120619
0.0280369
0.0845931
0.0864849
-0.0156291
-0.0537389
0.0801226
0.203909
0.146706
0.0472183
0.0716006
-0.0642435
0.077427
0.172854
0.080335
-0.0815872
0.036038
-0.0536479
0.0814577
0.101252
0.0943997
-0.0384689
0.0241254
0.0556151
-0.0552686
0.0536626
-0.0249193
0.0173957
0.0114278
0.0692441
0.0657843
0.0786925
0.028012
0.0882631
0.130816
-0.016942
0.199496
0.0902355
0.0647372
0.101707
0.0900501
-0.0398513
0.0370706
0.0701105
0.0337789
0.0605393
0.0427839
0.0473972
0.0172905
0.022954
0.140407
-0.163678
0.0211846
0.0756196
0.0933753
-0.023339
0.105263
-0.032488
-0.021508
-0.00408909
0.0686589
-0.09633
0.108949
0.138208
0.135176
0.0646004
-0.0104923
0.0679699
0.0545489
0.0240892
0.0414726
-0.0216339
0.0422472
0.0357788
0.107563
-0.0505142
0.0721309
0.00997588
0.0542327
-0.0308964
0.112622
0.0590465
0.120647
0.123683
0.0381884
0.0210611
0.113162
0.0630491
0.101607
0.0414562
-0.00111315
0.0339304
0.0408866
0.0575551
0.0141863
0.0944065
0.0255325
0.105789
-0.00532665
-0.0490202
-0.00231537
0.064511
0.135832
-0.0180124
0.034386
0.04072
0.0908232
-0.0373405
0.106203
0.0450094
0.0470153
0.0261067
0.0299603
-0.0427114
0.0956448
0.0509633
0.0345326
-0.0493471
0.00173807
0.0486422
0.0217451
-0.0168418
0.0631865
0.0305644
0.0214444
0.124429
0.178615
0.240819
0.0726508
0.0522766
0.147874
0.0502193
0.0535138
-0.0333067
0.124139
-0.00634622
0.091852
-0.0134898
-0.0194677
0.0151738
0.0231527
-0.00722277
0.00977177
0.00675688
-0.0665848
-0.0446611
-0.0152055
-0.105825
0.0572502
0.0361692
0.0617724
-0.0120347
0.075792
0.0431711
0.0576634
0.0435387
0.11544
-0.00867714
0.138676
0.0307499
0.0117606
-0.0531696
0.0396088
0.027585
-0.0128776
-0.035856
0.0194289
-0.0231152
-0.047409
0.00830933
-0.0581729
-0.0952387
0.0951194
0.0431469
0.038005
-0.0759979
0.093761
-0.0962806
0.083917
0.0145159
0.389668
0.0501572
0.0702186
0.131426
0.0737887
0.0227118
-0.0927743
0.00736644
-0.0477063
-0.0122443
-0.0357774
0.00147795
-0.027933
-0.0831583
0.0868273
0.0746319
0.0541879
0.168689
-0.0231512
0.0434278
0.0581031
-0.0665292
0.0824632
0.0273526
0.00096618
-0.0841865
0.0403902
-0.076914
0.079045
-0.0334448
0.0528046
0.0194013
-0.0269135
-0.0420895
0.035395
0.0304807
-0.0543503
0.000657265
-0.022921
-0.0581809
-0.000749994
0.0666041
0.0259961
0.00125097
0.0214073
0.0996805
0.121487
-0.134238
0.142614
0.0897612
0.0766417
0.0353672
0.0817596
-0.0185312
0.0213955
0.00827296
-0.00194593
0.0373588
-0.00789031
-0.00560531
-0.0225715
-0.10649
0.0205147
-0.0729995
0.0817437
0.258886
0.0332025
0.0279656
0.106078
0.0417082
0.0903768
0.133242
-0.01091
0.0366396
0.0739086
-0.00535357
0.0129133
-0.0814482
-0.046731
-0.0500439
-0.0237688
-0.0163822
0.0094453
-0.00640677
-0.00954246
-0.0607263
0.00999298
-0.0632807
-0.0317369
0.0344391
0.0725145
0.0990691
0.0770967
0.0383198
0.111194
0.0528274
0.0587563
0.0926137
0.067568
0.0893803
0.0951297
-0.0544481
-0.0389267
0.00658634
-0.0535206
0.0365938
0.0319894
0.00684913
-0.0373331
0.0701169
0.00536826
-0.0638501
0.00265234
0.10606
0.110522
0.0542859
0.0998257
0.0794053
0.0944165
0.138665
0.143876
0.0300924
0.0645888
0.147037
0.199462
-0.106632
-0.0395301
0.00408382
0.0203773
-0.00593861
0.0275109
0.0558629
0.0182861
-0.0411263
-0.0277264
0.0317893
0.00829455
-0.0262826
-0.00365438
0.130881
0.138289
0.10625
-0.010297
0.0498391
0.0872004
0.111038
0.0803125
0.00897748
0.0493882
-0.0633138
-0.0380865
-0.0123834
0.0288958
-0.119751
0.054935
0.00944454
-0.081943
0.0439042
-0.00900693
0.0198931
0.00192908
0.0300698
0.0225774
0.149747
0.0751475
0.127397
0.0710308
0.117287
0.0745682
0.149064
0.131068
0.0875926
-0.0537048
-0.0782265
-0.0604715
0.0109931
-0.0262581
-0.0421141
0.00684842
-0.00948785
-0.0159482
0.0718762
-0.0782833
0.0542342
-0.0703949
0.142025
0.0645395
0.13819
0.0671992
0.122995
0.142013
0.0778154
0.107599
0.0706889
0.0433525
0.127492
0.032415
-0.0702703
-0.0245913
0.0302499
-0.0583347
-0.0793684
0.0506457
-0.0581136
-0.0111124
0.056164
-0.153645
-0.0587462
-0.0972609
0.0868624
0.0920056
0.0903708
0.0869889
0.165471
0.156415
0.0164537
0.0904547
0.105645
0.0569906
0.126711
0.00994866
-0.0431281
0.0613139
-0.0290498
0.110375
0.0259383
-0.0561145
0.0307095
0.0319399
-0.0414235
0.0248607
0.0610643
0.0706587
0.151528
0.0255875
0.0433218
0.142456
0.0266897
0.0521482
0.020291
0.0740334
0.0535603
0.0491684
0.0725042
0.128664
0.0634803
-0.00173542
-0.102423
-0.039548
-0.0360357
-0.00950801
0.0102329
-0.0295274
0.0431914
-0.0304738
0.0937079
-0.013817
0.118747
0.0321371
0.0908806
0.0423032
0.079086
0.123773
0.0183196
0.0276353
0.0530451
0.0450094
0.0142263
0.141795
0.0204585
-0.0146872
-0.0391585
-0.0456089
-0.0706684
0.111557
-0.0124958
-0.00309417
-0.0261359
0.0469589
0.0602453
0.0173536
0.0232586
0.0410069
0.0785705
0.217063
0.0663733
0.0304193
0.0799205
0.0128878
0.0936585
0.05421
0.0745758
0.144662
0.00577373
-0.0166551
-0.0105395
-0.0534453
0.00200788
-0.0751241
-0.0794514
0.017463
-0.0762331
-0.0275379
-0.02846
-0.0104079
0.0469105
0.163587
-0.0166679
0.0198113
0.0787986
0.0909908
0.101014
0.0239348
0.0740437
0.0446495
0.0972192
0.0538641
-0.033144
0.00444217
0.00346716
-0.0164775
-0.0606346
0.0178617
0.128082
-0.0459974
-0.038746
-0.023924
0.0274519
-0.0760054
-0.0311675
0.0806943
0.0761051
0.0728497
0.0131637
0.0244611
-0.188911
0.00410685
0.0422527
-0.0220158
0.0905153
0.0467997
0.0221174
-0.0731537
-0.0882132
0.0343914
-0.0456666
-0.0555962
-0.0279154
-0.0901399
0.0460692
-0.0791956
0.0714277
-0.127678
0.0590165
0.0171066
0.0901678
0.12654
0.0488392
0.102185
0.0247602
0.136435
0.0852273
0.0351298
0.076239
0.050661
0.167067
-0.0251211
-0.0290974
-0.014944
-0.00603779
-0.0244345
-0.00498643
0.0394491
0.00420946
0.0758636
0.0195306
0.0369457
0.0360722
6.66771e-05
0.0424704
0.00107955
0.176553
0.0369121
0.0756147
0.0310873
0.0930853
0.0688637
0.0144735
0.0404171
-0.0876153
-0.0360351
-0.064322
-0.0373308
-0.0483845
-0.0373155
0.0353221
-0.0421833
0.0136082
-0.0273509
-0.0523495
-0.0739941
0.107076
0.0220647
0.0654839
0.104733
0.0245646
0.0882957
0.0717963
0.0153566
0.0516588
-0.0620752
0.0389986
0.0842024
-0.00745487
-0.0681839
-0.0409414
-0.0267832
0.0132246
-0.0441084
0.0303194
-0.0538001
0.0208144
0.0187779
0.0498682
-0.0764363
0.04314
0.115701
-0.0157354
0.0357884
0.0871893
0.0965811
-0.0418946
0.0445744
0.115118
0.0984762
0.0425952
0.0775359
-0.00986275
-0.0869315
-0.0617664
-0.0226192
-0.0332049
-0.0355717
-0.0165137
-0.0620668
0.00718112
-0.0332779
0.0372632
0.0215125
0.109479
0.0273832
0.0767797
-0.0141138
0.0534011
0.0824341
0.00219717
-0.00650309
0.0328406
0.0366579
0.0749536
0.00993014
-0.0731756
-0.038019
-0.0895018
-0.0592311
-0.102587
-0.0429164
-0.019485
-0.0191098
-0.153393
-0.084372
-0.0677811
-0.100099
0.0446325
0.0754551
0.148363
0.0607457
0.139629
0.0266998
0.031367
0.0640717
0.0893793
0.0828266
0.0612798
0.000348803
-0.0170995
0.0893536
0.0645033
0.0682133
-0.0350091
-0.0356752
-0.047217
-0.0334274
-0.0917322
-0.0398451
0.0367619
-0.0456112
-0.0215863
0.0952151
0.134063
0.0769164
0.0173231
0.0807561
0.109804
0.0465634
0.00958804
0.031995
0.0533991
-0.0161498
-0.0926078
-0.00615469
0.00394322
0.018667
-0.0724612
-0.0177019
-0.0318548
-0.0452301
0.00678349
-0.158941
0.0335665
-0.110251
0.083644
0.112344
0.160847
0.0988835
0.0883036
-0.00340223
0.0978691
0.012768
0.0985635
0.039941
0.110501
0.0840672
0.0783878
0.00107568
0.0555531
0.0300545
-0.00360627
-0.0708116
0.0698894
0.0409019
-0.0117569
0.0549196
0.0863775
-0.0552162
0.206612
0.0860775
0.0892849
0.115121
0.0998952
0.0312298
0.0764581
0.0273399
0.0238616
0.0427075
0.105957
-0.0172964
-0.0499677
-0.0472327
-0.0445077
-0.0836676
-0.0855524
-0.0671086
-0.0647913
-0.0878219
-0.0171925
0.0138056
-0.154341
-0.0282033
0.105847
-0.0231466
0.0629092
0.0505469
0.0611734
0.0534962
0.0706905
0.0513813
0.066816
-0.0230751
0.0445967
0.069786
-0.0324115
-0.00948613
-0.033373
0.0188453
0.0126154
-0.15587
0.00475409
-0.0274365
-0.0522002
-0.0840347
-0.0378539
-0.0634576
0.0841725
0.0204448
0.0415688
0.0685677
0.058827
0.0294658
0.0675473
0.082921
0.0889592
0.0643212
0.0744815
0.156513
-0.0446218
-0.0372556
-0.0633042
-0.0462911
-0.174087
-0.030245
0.0474585
-0.019815
-0.00329663
-0.0870842
-0.0548059
-0.0373033
0.0183046
0.0778298
-0.0252988
-0.0369679
0.0492091
0.120708
-0.0109734
0.146216
0.0918605
0.0703817
0.091983
0.112112
-0.132581
-0.0239301
0.0270631
0.0261998
0.00404643
0.0155706
0.0350855
0.00083676
-0.0989222
-0.0779531
0.0148914
-0.0338998
0.0350106
0.00408464
0.0576033
0.0258426
-0.00470459
0.0939292
-0.0161416
0.0741874
0.100995
0.0179682
0.0652333
0.0735468
-0.0179708
-0.0615217
-0.0663504
-0.0582619
-0.0752327
-0.0471881
-0.0172922
-0.0715489
-0.0479607
-0.0707989
0.0462235
-0.156835
0.0857356
0.0840058
0.133107
0.00610501
0.0547297
0.0798814
0.0486396
-0.110977
0.126047
-0.0398433
-0.0292205
0.0616785
-0.0643927
-0.150631
-0.00961759
-0.0797144
-0.0421262
-0.0401799
-0.0707994
-0.0514176
0.0880226
-0.126166
0.0404543
-0.0576965
0.0749319
-0.00210044
0.122169
0.0968938
0.0622573
0.0369406
0.101243
0.018372
0.0561471
0.117804
0.0618376
0.0580949
-0.018126
-0.123292
-0.0685437
-0.0786003
0.0104602
-0.0709937
-0.0551452
-0.0820662
-0.0448122
-0.000101692
0.0245106
-0.0438272
-0.0533222
0.00266279
0.0496466
0.0540322
-0.00165888
0.00807624
0.0822517
0.0572956
0.11761
0.0788721
0.081083
0.104897
-0.0669056
-0.0359343
-0.00842124
0.0303523
-0.0198467
-0.116327
-0.0597447
0.0487726
0.067045
-0.0300716
-0.0204283
-0.0515624
0.0598387
0.0555575
0.0480104
0.0694655
-0.00769831
0.04864
0.0464653
0.159284
-0.00381039
-0.00990536
0.110215
0.0559674
-0.0553747
-0.0779302
-0.0193575
-0.0325637
-0.0854725
-0.0571933
-0.0309696
-0.219761
-0.0219819
-0.0263269
-0.0451526
-0.0295451
0.0930608
0.0185991
0.00527723
0.0362862
0.0516245
0.0192304
0.0322489
0.0243751
0.0446897
0.132919
0.0879599
-0.00142451
0.00242114
-0.0321348
-0.0553914
-0.0474937
-0.0170042
-0.0290063
-0.0691742
-0.0302793
0.000828337
0.063644
-0.00258048
-0.0633675
0.111078
0.0345322
0.0119627
0.0679424
0.057778
-0.0474356
-0.037377
0.0708571
0.0442898
0.00691018
-0.00216178
0.0283278
0.0218988
-0.0384565
-0.016362
-0.0895302
0.0359306
0.0283993
0.0144003
-0.111635
-0.0489437
0.0117482
0.0141544
0.0176472
0.162415
0.0462824
0.0454974
0.0639218
0.131237
0.0109291
0.0652562
0.202213
-0.0918062
0.0585197
0.0961316
-0.0146702
-0.155704
-0.0211957
0.0767652
-0.0236076
0.0746558
-0.0762354
0.0681719
-0.0845144
0.0195476
-0.0657469
0.0062095
-0.0133394
0.022781
-0.0835925
-0.0554732
0.0221849
0.0631978
-0.0603315
-0.01242
0.0184798
0.117091
0.0207157
0.0744113
0.0269122
0.0424017
-0.15159
-0.0398336
-0.108249
-0.0692595
-0.184838
-0.0258426
-0.0584485
0.0481151
-0.0712611
0.00151727
-0.107826
0.0155471
0.0113228
-0.0478293
0.117279
0.0623478
0.0396509
0.0772163
-0.0251937
0.0147724
0.0185375
0.116626
0.0471271
-0.0667271
-0.0588659
-0.0579519
-0.123349
-0.0537132
-0.0478186
-0.0639517
-0.0658003
-0.0507523
-0.0154577
-0.0326718
-0.0734445
-0.0060068
-0.0264196
0.0540097
0.00568871
0.0683636
0.0429018
0.0888998
0.0829207
0.102733
0.0666948
0.0919578
0.0431036
-0.0424237
-0.0883694
-0.0707165
-0.0741787
0.0120151
0.00827479
-0.100011
-0.0512892
-0.101373
-0.00652098
-0.043744
-0.101298
-0.0100943
-0.0152275
0.0710826
0.0774173
0.053665
-0.0107593
0.0785867
0.024114
0.0172028
-0.0298922
-0.0201489
-0.0206573
-0.077234
-0.0592819
-0.0488366
-0.0945985
-0.0100799
-0.0963476
-0.00227787
-0.0770377
-0.0266834
-0.0324509
0.0508809
-0.0460973
0.0185088
0.0106771
-0.0472344
0.0729929
0.023841
0.0317095
0.0847639
0.0401154
-0.0119926
0.0136372
0.093296
0.00625099
-0.0427731
-0.0214869
0.00784069
0.113377
-0.00197511
-0.0446692
-0.0281192
-0.0651006
0.0461057
-0.0766439
-0.109963
-0.0449353
0.0469274
0.00680036
0.0863683
0.0123652
0.0504745
0.0569346
-0.0234128
0.0933893
0.0434237
0.0635065
0.00537557
-0.0148324
-0.140445
0.0374172
0.0279207
-0.045904
-0.108434
-0.0348536
0.0290546
-0.0129169
-0.112138
-0.0946359
0.00268651
-0.0341663
0.0905969
-0.00365809
0.123656
0.0647201
0.187673
0.0646408
0.0615047
0.102824
0.0440827
0.0289988
0.068506
0.0202494
-0.0216119
0.0269256
0.0182327
0.00103581
0.0325987
-0.0262672
-0.0161634
-0.0606967
-0.0477356
-0.0876115
-0.0152055
-0.0968754
0.0419204
0.0351353
0.0659298
0.0678276
0.0889946
0.0400678
0.0337408
-0.0119811
0.00467066
-0.0173497
0.0516448
0.0225683
0.0214158
-0.0880903
0.0514125
0.0557062
0.0499573
-0.0581158
-0.0467085
-0.0247125
-0.0704708
-0.0382536
-0.0418502
-0.109336
-0.0693743
0.00108353
0.0117133
0.0960074
0.0676554
0.0872218
0.121389
0.00267411
0.110615
0.0313742
0.0551433
0.0269934
-0.108594
-0.0507153
0.00931884
-0.0216033
0.0102697
-0.0492085
-0.106368
-0.05682
0.0121395
-0.0370112
-0.0840472
-0.0584622
0.0506398
-0.00462651
0.118252
0.026383
0.138728
0.0193814
0.0859907
0.0304304
0.059234
0.00352679
0.0954107
0.0336955
0.00490467
0.0640853
-0.0216063
-0.04794
-0.0189179
-0.0198852
-0.055886
-0.0204862
-0.0445564
0.0448771
-0.0638933
-0.0319133
0.105363
0.102961
0.0374554
0.0804246
0.0521438
0.0332307
0.100049
0.0354444
0.0973441
0.0743907
0.05325
0.0120279
0.0496451
-0.0216951
-0.0928062
-0.0245461
-0.0366516
-0.028748
-0.0886638
-0.0740297
0.00805205
-0.00546774
0.014974
-0.00334056
0.0868286
0.0940488
0.098414
0.00500125
0.0845679
0.0772873
-0.0501007
0.04556
0.213609
0.0140615
0.0981352
-0.0527548
0.0241386
-0.163363
-0.0832307
-0.0915305
-0.0251036
-0.00530241
-0.0450733
-0.066534
-0.01318
-0.0501211
-0.0480777
-0.0523777
-0.0799293
-0.0283715
0.0146304
-0.0327188
0.0523706
0.0352558
-0.0198459
0.0382646
0.0502461
0.0474388
0.038382
-0.0431107
0.00323814
-0.027272
-0.0849737
-0.030082
-0.04677
-0.0758905
-0.0190139
-0.00524768
0.0129584
-0.084069
-0.0549577
-0.0752704
0.0554129
0.058726
0.082371
-0.0756352
0.133543
0.0433287
0.0715049
0.00597221
0.106302
-0.10208
0.0798038
-0.00443948
0.0208569
-0.0651446
-0.0042814
-0.0534822
-0.0482379
-0.0102625
-0.072416
-0.0503044
0.00801322
-0.0465266
0.010169
-0.0836405
0.0936687
0.00569408
0.0605259
0.0305131
-0.00891586
0.0538921
0.112098
-0.0069345
0.0273774
-0.0733031
0.0844957
-0.102879
0.131329
0.0619598
-0.0491944
-0.103247
0.00589832
-0.109557
-0.0355103
-0.0373852
-0.0334941
-0.0807943
-0.014706
-0.016958
0.0272576
0.0260032
0.0507539
0.0872292
0.0540702
0.0114488
0.138232
-0.0188232
0.1045
-0.0358794
0.0790174
0.013334
0.0264999
-0.0589591
-0.0195821
0.0236077
0.00229107
0.00983586
-0.0795897
-0.0015714
-0.0370805
0.0293456
-0.101369
-0.0123981
0.0976737
-0.0272943
0.0462361
0.020509
0.0819653
0.0960883
0.0566102
0.0451682
0.134045
0.0257885
0.064511
0.0650676
-0.148454
-0.0515266
0.0330717
-0.0206687
-0.103579
-0.0448675
-0.0719337
0.00477007
0.0105007
0.0140269
-0.0108475
0.0554041
0.0542981
0.00979744
0.155055
0.120923
0.132424
0.139886
0.0789342
0.163034
0.100742
0.147244
0.0551219
0.0968883
0.017617
-0.0367795
-0.0205714
0.00836906
0.0326955
-0.0420351
0.0608465
-0.00349387
-0.0576136
-0.0745932
-0.069359
0.0395545
0.136217
0.0859287
0.021542
0.0245315
0.116002
0.0649042
0.125315
0.0304347
0.0842507
0.142137
0.0493461
0.054737
-0.04378
-0.00445933
-0.0948857
0.0898528
0.0373006
0.0097776
0.0166587
-0.0041936
-0.00324168
-0.0353833
0.0370396
-0.0227992
0.097923
0.155463
0.0419583
0.0385262
0.112958
-0.00257801
0.0821338
0.0941093
0.190853
0.0932422
0.171709
0.0343893
-0.0161056
-0.0281503
-0.0828469
0.0155514
0.0249255
0.0558291
0.000331266
-0.0531815
-0.0187095
-0.113842
-0.011182
-0.0185184
0.0289963
0.0632082
0.0524462
0.104665
0.0973533
0.0413001
0.0768283
0.0353595
0.0709243
0.0473603
0.0409903
0.0518393
0.00617219
-0.00252815
0.0853932
0.0827429
0.0439559
-0.0477978
-0.0679676
-0.0928129
-0.0491596
-0.101112
0.0843911
-0.045953
0.0432203
0.0934046
0.0713947
0.0415259
-0.0105896
0.0371553
0.122683
0.025651
0.00903879
0.0959842
0.120017
0.0385753
0.0518808
-0.045337
-0.0217277
-0.0279671
0.0368444
-0.128102
-0.0271153
-0.087338
0.158207
-0.0823738
0.00267622
-0.107884
0.00975952
-0.0122058
0.0214614
0.10309
0.0795877
0.0532041
0.107767
0.0332754
0.123901
0.0752511
0.0896453
0.0866458
-0.0316511
-0.000734436
-0.0800148
-0.0159501
0.00824701
-0.03677
-0.0534662
-0.0720401
-0.0483249
-0.0508996
-0.00382856
-0.0343443
0.105546
0.0526232
0.116981
0.0265083
0.0976902
0.0201677
0.166335
0.0353843
0.0988369
0.0898315
0.0768788
0.0598078
0.042284
-0.0171587
-0.0208723
0.0104428
0.0133289
-0.0700457
0.0161753
0.0278105
-0.0528718
-0.0205521
-0.0427878
-0.0659903
0.00931727
0.0166631
-0.0210341
0.096119
-0.0114286
-0.0773793
0.104306
0.0139912
0.0583616
0.101943
0.0874674
0.0517311
-0.0630569
-0.046033
0.0226427
-0.0547056
-0.0193733
-0.0390938
-0.0286665
-0.0281809
-0.0552478
-0.0934483
-0.0395312
-0.0629074
0.166759
-0.00617103
0.0325223
0.00633906
0.0735953
0.0340276
0.0597561
0.0162129
0.0261885
0.0205942
0.00897266
-0.0443543
-0.100933
-0.0521493
-0.0585766
-0.0640626
0.00677472
-0.06008
-0.0895389
-0.0331637
-0.0629621
-0.0635319
-0.00997809
0.049489
0.138037
0.0543623
-0.032716
0.0870897
0.149083
0.0594553
0.0607122
0.0876969
0.0347452
-0.0175993
0.031482
0.0256622
-0.00513888
-0.00471639
0.0319278
-0.0115694
-0.00773157
-0.0205246
0.0289486
-0.0870743
-0.0017993
-0.0482382
-0.0577043
-0.0430688
0.0960667
0.0420401
0.0481543
0.034645
0.117919
0.0519465
0.0695487
0.0948486
0.0859668
0.0135321
0.0538078
-0.100604
0.00511542
-0.107259
0.0414753
-0.127868
0.0324732
-0.0535305
0.0336569
-0.148014
0.0195408
-0.0799042
-0.0436772
0.0393512
0.0781006
-0.0354912
-0.00678355
0.055598
0.0137967
-0.12181
0.11615
-0.011068
-0.049019
0.0518119
-0.0494544
-0.0587367
-0.00875857
-0.0403297
-0.0429644
-0.101234
-0.00394296
-0.107315
-0.0307232
-0.196585
0.0509302
-0.174239
0.0519779
-0.0711984
0.0197718
-0.0707583
0.0614986
0.0268564
-0.0634391
-0.00202303
0.0533916
0.00434469
0.0711685
0.00866244
0.00348704
0.022951
0.0609552
-0.106769
-0.0612331
-0.0638895
0.0047969
-0.0895783
-0.0192918
-0.0314174
-0.00363345
-0.0166514
0.00400242
-0.0813845
0.119955
0.0270628
0.0307931
0.0831626
0.00270441
0.0534069
0.0396339
-0.0499826
-0.00356167
0.00181624
0.135887
0.027894
-0.0674579
-0.0371645
-0.00272008
0.0187696
-0.0256326
-0.0536099
-0.0303926
-0.0269922
-0.113893
-0.0592028
-0.128028
0.0315835
0.0403371
-0.0576163
-0.0258827
0.0853289
0.0216136
0.0820125
0.0294866
0.0862955
0.0451105
0.0430115
0.0454946
0.0180375
-0.0233391
-0.103726
-0.0064147
-0.0956303
0.00981151
-0.0541617
-0.122079
-0.0525483
-0.0344456
-0.0256336
0.0323392
0.00511869
-0.037691
-0.0680081
0.0212146
0.0164582
0.0163445
-0.103698
0.0167926
0.117462
-0.0388076
0.0399651
0.0516269
0.0574526
-0.10165
-0.017906
-0.0210849
-0.088613
-0.0385863
-0.108377
-0.0214226
-0.00226096
0.0741009
-0.09286
-0.0139906
-0.0708945
0.030278
-0.0210104
-0.00556621
-0.0411932
0.00195129
0.0245094
0.0278031
-0.0136622
0.304994
-0.0663366
0.0444012
0.0337283
0.0139084
-0.0711453
-0.0783529
-0.0172762
-0.128023
-0.0605953
0.0273417
-0.0543203
0.0729248
-0.0269262
0.0700729
-0.0179121
0.0454147
0.0953615
0.05384
0.00758369
0.0198259
0.0326308
0.0459179
0.0898692
0.104947
-0.0432785
0.0258634
0.0686748
-0.0147406
-0.0312631
-0.0337122
-0.0671992
0.00882197
-0.0711864
0.0286684
0.0191059
-0.0298328
-0.0177241
-0.00102451
-0.0673787
-0.0736797
-0.0639257
0.0635007
0.0792977
0.0499549
-0.0133247
-0.00528824
0.0427435
0.0103644
0.0470803
0.0642553
0.00513292
-0.0559286
0.0812436
-0.0785952
-0.0989006
-0.0496072
-0.138924
0.0109135
0.0365651
0.0397376
0.0147404
-0.0311852
-0.0899886
0.0230822
-0.00906634
-0.0523833
-0.035918
0.0803491
0.0788024
-0.0217088
0.0309094
0.0290183
0.0322232
0.0714423
0.0317021
-0.0310914
-0.101727
-0.0743407
-0.0487459
-0.0607575
-0.0357795
-0.0800047
-0.0493686
0.274031
-0.0590085
-0.030791
-0.0576196
0.0680303
-0.0591772
0.101662
0.0626953
0.0617297
0.175593
0.0161145
0.0937396
0.0314658
-0.00643945
0.0395347
-0.00729273
-0.175682
0.0469333
-0.0614438
0.0370394
-0.118247
-0.118171
-0.163364
-0.0689735
-0.0476323
0.0233911
-0.129425
-0.0812647
0.110073
-0.0394265
0.0914495
0.0713619
-0.0534339
0.0387762
0.0286793
0.0664644
0.0286844
0.0402502
0.10213
0.0776522
0.0413154
0.0230781
-0.0497712
-0.0530267
-0.0771312
-0.0432116
0.00422458
-0.0278445
-0.0702519
-0.0193971
-0.0169709
-0.0493942
0.00441716
-0.0378315
0.0155486
0.0473922
0.0460734
0.0111593
-0.0172964
0.0578086
-0.00281738
0.0295075
0.014502
0.0178907
-0.0519196
0.00889146
-0.113688
-0.0431441
-0.0578936
-0.0647215
0.0158321
-0.0678291
-0.0574565
-0.037191
-0.0730899
-0.133892
0.080127
-0.049328
0.0832194
-0.11746
0.101379
0.113921
0.0303679
0.0279531
0.055589
0.0461772
-0.0622513
0.00282407
-0.045694
-0.0781441
0.0480788
-0.110723
-0.0790899
-0.0310655
-0.0804799
-0.0741403
-0.00121985
-0.139658
-0.115268
-0.0275489
0.030114
0.0750998
0.0415827
0.0269934
0.0688329
-0.0977629
0.0136125
-0.124495
-0.0491508
0.0638022
0.0544277
0.0798528
-0.0437645
0.00686513
-0.00841789
-0.0146587
-0.0429284
-0.0139838
0.0787757
-0.0474666
0.0150763
-0.107597
0.10344
-0.088744
0.0921492
0.0492384
0.0328889
-0.0512498
0.0376858
-0.0384778
-0.0423895
0.0213391
0.0794226
0.0366857
0.0429401
-0.0561395
-0.152442
-0.11868
-0.0416704
-0.0503478
-0.0467474
-0.101274
-0.0472344
-0.0696715
-0.0482578
-0.0840674
0.0246097
-0.102313
-0.00413348
0.0131836
-0.00328158
0.0594812
0.0269124
-0.0594328
0.0290103
0.00466016
0.0276126
0.0756854
0.0474002
-0.0244469
-0.108871
-0.0115036
-0.0180032
-0.0168401
-0.0830217
-0.119354
-0.00454021
-0.0732027
-0.0820293
-0.0736229
-0.0169199
-0.0482484
0.0629101
0.0212877
0.047888
-0.0765455
0.0784545
0.0509408
0.120593
0.0338461
0.0471832
0.0385753
0.0974856
-0.0276314
-0.0336817
-0.00825946
-0.0806772
-0.0736062
-0.102077
-0.0839118
-0.162398
-0.0780081
-0.104214
-0.0702995
-0.0294714
-0.106723
0.0909239
0.0569926
0.0555554
0.036702
0.0125619
0.0546881
0.17884
0.0141083
0.0676442
0.03064
0.15599
-0.0188557
-0.0965294
0.162464
-0.0358604
-0.0216119
-0.0641074
0.00265954
-0.036404
-0.0108734
-0.0350421
-0.0598635
-0.0479005
-0.05079
0.0932265
0.13726
0.0163993
0.0846624
0.067968
0.0325694
0.0852716
0.103822
0.174663
0.00174261
0.067596
0.0189076
-0.0354772
0.0106362
-0.01664
-0.052321
-0.0664864
0.0009077
-0.0180224
0.0320787
-0.0434562
-0.0210059
0.0546704
-0.00657223
0.076099
-0.0169774
0.088148
-0.0166857
0.0397706
0.0867581
0.0684684
0.035338
0.0558517
0.0233221
0.0361956
-0.0500771
0.000909767
-0.0523373
0.035563
-0.0926753
0.371494
-0.075431
-0.0966714
-0.0617547
-0.070362
-0.111461
-0.00829218
-0.0606025
0.0538153
0.096823
0.0385753
0.0686592
0.0437899
-0.0294479
0.00240729
0.00464142
0.0284613
0.0172875
0.0285965
-0.0407829
-0.0294116
-0.0201958
-0.0229764
0.0327644
0.0369442
-0.0961473
0.057108
-0.0476479
-0.0525683
-0.103611
-0.0212434
-0.0375149
0.0289878
0.00384044
0.0863665
0.0175259
0.055214
-0.0270235
0.0599145
0.00881552
-0.0634261
0.0236256
0.056563
-0.0941016
-0.180134
0.0133452
-0.0952601
-0.0908095
-0.0179854
-0.0647933
-0.0944293
-0.0676667
-0.0879809
-0.0350113
0.0328733
0.0536123
-0.031832
-0.0222645
0.0514579
0.113053
0.00572862
0.0367498
0.0505491
0.0399981
0.105722
0.100803
0.058994
0.0255618
-0.0043989
-0.102754
-0.0428977
0.0208505
-0.00910483
-0.0256537
-0.0223525
0.13201
-0.0339403
-0.039545
-0.0719656
-0.0267817
0.0576089
0.0764726
0.037014
0.0789304
0.09228
-0.0604971
0.0555574
0.0348242
0.0942613
0.0483661
0.0532882
0.034685
-0.0402764
-0.0562602
-0.0242511
-0.073509
-0.0408749
-0.0962273
-0.0369596
-0.0791197
-0.0937282
-0.0793465
-0.0792967
-0.0151175
0.0557148
-0.0166216
0.0779346
0.0384084
0.0943367
0.0157791
0.0865019
0.0480046
0.0424564
0.0116119
-0.000327115
-0.0681252
-0.048992
-0.0754284
-0.00820931
-0.0758539
-0.0758055
-0.059772
-0.0907064
-0.114952
-0.0796184
-0.0755073
-0.0430714
-0.124606
0.0111371
0.0111839
0.0481427
0.00995528
0.063233
-0.10297
0.0815035
-0.0127518
0.0878981
0.0107679
0.0781399
0.111689
-0.0959249
-0.0415775
0.0567096
-0.117398
-0.112663
0.177003
-0.0364696
0.0183137
0.000772785
-0.0508911
-0.105126
-0.0216684
0.126386
-0.0520858
0.242784
-0.0222036
0.151722
-0.0287429
-0.00345029
0.0822041
0.0289239
0.0738607
0.117307
0.00969614
-0.136298
-0.0859713
-0.0312007
-0.082739
-0.0563256
-0.0458394
-0.11658
-0.154222
-0.147908
-0.0425572
-0.0591236
-0.0288168
0.0705623
0.082975
0.0717047
0.0619449
0.0159828
0.0209458
-0.065949
-0.00417669
0.0113457
-0.0337575
-0.101392
0.0528267
-0.057243
-0.0597325
-0.0377608
-0.0191593
-0.196077
-0.0348389
-0.0658428
-0.0453324
-0.0601048
-0.0683819
-0.236997
-0.151426
-0.044843
0.00739571
0.101222
0.0754503
-0.00766986
0.0775692
0.0578805
0.0729212
0.0172705
0.00995878
0.0331124
0.035917
-0.0933683
-0.162752
-0.120325
-0.0522908
-0.0882992
-0.13718
-0.110943
-0.180958
-0.0432851
-0.232281
-0.0615019
-0.174091
-0.0361656
-0.00835574
-0.0350021
-0.0242974
0.149941
0.0410343
-0.00697332
0.0455763
0.0385753
-0.0453721
-0.0429216
-0.061184
-0.0306393
-0.0835072
0.0113521
-0.0988889
-0.0641322
-0.14748
-0.0805575
-0.127195
-0.067017
-0.1447
-0.0487318
-0.00394262
-0.00256009
0.115942
0.0178496
0.0301801
0.00527503
0.0302842
0.071436
-0.0870501
-0.0469561
0.000903929
0.0496353
0.0423325
-0.0488743
-0.0740962
-0.112288
-0.0813186
-0.0550815
-0.0553247
-0.0359602
-0.115451
-0.0408096
-0.069537
-0.0332908
-0.136714
0.0952017
-0.000761793
-0.0834487
0.0109145
-0.00873094
-0.0120524
0.00544782
-0.00431139
-0.0214527
0.0819989
0.0527932
0.0657945
0.0205522
-0.0638539
-0.0608905
-0.0230168
-0.0999127
-0.0557519
0.0941285
-0.0570392
-0.0263148
-0.0164458
-0.0304735
-0.0611463
0.0626373
0.0720535
0.0376208
-0.00592153
0.116301
0.0385753
0.0109225
-0.0014589
0.0825686
0.0474934
0.0457638
0.00195325
-0.144116
-0.110558
0.0338644
-0.0539691
-0.102044
-0.06743
-0.0559772
-0.127456
-0.0276663
-0.067864
-0.107687
-0.0482734
0.0927543
0.0121647
0.109696
0.0355698
0.0560896
-0.0618868
0.104598
0.049932
0.0621724
-0.0348262
0.0822202
0.0081927
0.00974479
-0.100493
-0.0934882
-0.113008
-0.0535067
-0.106819
-0.0158055
-0.0451587
-0.0581601
0.0189576
-0.0141653
0.0016454
0.0190531
0.0877471
0.0587093
0.0449387
0.0380747
-0.0443329
0.0107807
0.0501247
-0.0992273
-0.00177505
0.143351
0.0609589
-0.0390176
-0.0372523
-0.163502
-0.0151431
-0.0725751
-0.155721
-0.0319129
-0.113869
-0.0392819
-0.0639386
5.89642e-05
-0.0665891
0.0390872
-0.0126376
0.124681
-0.0498083
-0.0316707
0.05914
0.056832
0.0363527
0.0684156
0.0290599
0.1092
0.0582987
-0.0350801
-0.128691
-0.0528559
-0.03112
-0.049902
-0.0783578
-0.0562606
-0.117068
0.0353221
-0.0496176
-0.0570741
-0.0301281
0.00390002
0.0400337
0.0930815
0.0629686
0.0210712
0.043152
0.0328946
0.0474969
0.0522192
-0.0023833
-0.0119157
-0.0191505
-0.100196
-0.0920237
-0.158677
-0.0635796
-0.0096521
-0.0130972
-0.0217936
-0.101287
-0.107792
-0.0646863
0.0695513
-0.0873889
-0.0501257
0.0617263
0.0351537
-0.0275608
0.0853463
0.00082782
0.000265561
0.114586
0.0392319
0.0222765
-0.00434909
-0.00754244
-0.15439
-0.108618
-0.0616468
-0.228056
-0.0852653
-0.0971071
-0.13692
-0.0806806
-0.0882725
-0.092954
-0.0429229
-0.167985
0.0433892
-0.0213842
-0.00584121
-0.0117188
0.0365714
0.00895638
-0.0131836
-0.0538342
-0.00879621
0.0599134
0.0852942
0.151845
-0.027732
-0.06917
-0.119734
-0.074539
0.0169201
-0.100069
-0.0901839
-0.14671
-0.0584989
-0.0289042
0.0060244
-0.103531
-0.0320225
-0.00375719
-0.0737841
-0.0340557
0.0444631
-0.00306755
0.0570723
-0.0384665
-0.0095943
-0.0258904
0.0151625
-0.0347229
-0.0578546
-0.018814
-0.0941731
-0.0962071
-0.13955
-0.0775925
-0.114969
-0.0827269
-0.194323
-0.179087
-0.0883051
-0.173333
0.0191888
0.0382616
-0.0217503
-0.0900533
-0.038608
0.00742116
-0.00909748
0.0533632
0.0316946
-0.0548989
-0.129887
-0.00248823
-0.166911
-0.132741
-0.0293008
0.05037
-0.0883605
-0.0429235
-0.0700461
-0.0586059
-0.0979734
-0.122144
-0.0590911
-0.147487
0.040736
-0.0283714
0.0546573
0.0654296
-0.0108353
0.0258385
0.0047969
-0.0406059
-0.0377501
0.0311862
0.0137009
0.0529559
-0.0524637
-0.053561
-0.0751713
-0.0932462
0.00249995
-0.0889844
-0.126161
-0.0451217
-0.0713595
-0.0450717
0.104128
-0.124152
0.186664
-0.0528022
-0.0706761
0.00178768
0.00520648
0.0383633
0.0481141
0.0033202
0.0596574
-0.0351725
-0.00786234
-0.00956622
-0.0618184
-0.0863634
-0.0548318
-0.0689819
-0.0746974
-0.23381
-0.0323856
-0.13975
-0.116572
-0.111881
0.041702
-0.145921
0.0870387
-0.0371454
0.0566832
-0.0200375
0.0475958
0.064194
0.0342965
0.0779437
-0.00449095
0.0407883
0.0879929
0.00576142
-0.103709
-0.0200314
-0.00598021
-0.0620948
-0.0245593
-0.0623733
0.0309266
-0.0783023
-0.0824684
-0.0184967
-0.0509839
-0.0664686
0.0327301
0.00635651
0.0661224
-0.00239551
-0.00800083
0.034841
-0.0246564
0.0516999
-0.0226767
0.00769875
-0.00534974
-0.0305704
-0.163323
-0.110544
-0.0574246
-0.0176324
-0.0406059
-0.0561245
-0.0701651
-0.114142
-0.0639455
-0.0508576
-0.00150664
-0.0981503
0.0782562
-0.0131966
0.0313293
0.0133168
0.048797
0.0716898
0.0355836
0.011841
0.0732712
0.104504
0.133218
0.0545483
-0.0211829
-0.0819254
-0.0526262
-0.0892481
-0.0824751
-0.156217
-0.204179
-0.0329109
-0.0399815
-0.0339971
-0.146988
0.0131826
0.0224722
0.0233298
-0.0521023
-0.00529728
-0.0145494
0.00761487
0.0426494
0.0578713
0.0913991
0.074765
0.0307298
0.0734563
-0.0481758
0.0393838
-0.0216541
-0.0650312
-0.107098
-0.0592568
0.00515154
-0.0360694
-0.0353276
0.00283045
-0.156043
-0.0275249
0.0678825
0.0649739
0.0259373
0.0562763
-0.000636459
0.000494244
0.0397996
0.130684
0.0721264
0.0609869
0.0352087
0.074738
-0.0199306
-0.0621686
-0.00256017
-0.0278003
-0.100192
-0.000804245
-0.0430829
-0.0337034
-0.0590867
-0.0818158
-0.027862
-0.0250459
0.0570078
0.131917
-0.00318248
0.0263178
0.0505049
0.0155868
-0.00817673
0.161276
-0.0180152
-0.0478693
0.0141218
0.0653353
-0.0160128
-0.0703826
-0.0536507
-0.0819267
-0.031074
-0.10077
-0.0762069
-0.0725047
-0.0431156
-0.0725655
-0.0405544
-0.0912427
-0.02923
-0.0343344
-0.00441893
0.0136608
-0.0274918
-0.0386452
-0.144479
-0.030306
0.0131842
0.0574345
0.0671143
-0.0305464
-0.0964231
-0.151498
-0.0766168
-0.145773
-0.054854
-0.131315
-0.0986577
-0.207872
-0.138063
-0.0854195
-0.0281215
-0.0575265
0.00931535
0.00862371
0.035372
-0.0303943
-0.0454794
0.0198663
0.0583931
0.0298465
-0.0576502
0.0220025
0.0374759
0.0500142
-0.0740926
-0.044363
-0.105853
-0.0951729
-0.0893078
-0.0897708
-0.0636456
-0.0674579
-0.124346
-0.0428761
-0.12487
-0.0700759
-0.00281736
-0.0769946
0.0200998
0.0817114
0.0579204
-0.0285472
0.0402291
0.0674346
0.00727873
0.0423804
0.0233354
0.0310273
-0.113067
-0.063167
0.000697636
-0.10112
-0.0398413
-0.0396684
-0.148741
-0.00366803
-0.0436415
0.00365356
-0.0828751
-0.154324
0.086098
0.0486526
-0.0371948
-0.0316741
0.0645682
-0.00898562
0.0582091
0.103237
0.073907
0.0668479
-0.0658447
0.0136627
-0.108837
-0.14051
-0.141154
-0.0573412
-0.155864
-0.134041
-0.128454
-0.00558013
-0.12554
-0.127428
-0.184941
-0.0752186
-0.0433576
0.0650543
-0.035262
-0.0441416
-0.082431
0.0170864
-0.0116549
-0.0450583
0.059705
0.00639064
-0.0204025
0.0391053
-0.0363113
-0.0576017
-0.0745612
-0.0585555
-0.0793399
-0.125602
-0.11081
-0.126348
-0.104847
-0.126283
-0.119872
-0.130408
0.0111671
-0.109667
-0.0168692
0.0385753
0.00490001
0.0321843
-0.0499249
0.00716687
-0.0370961
-0.0757088
0.0225827
0.0323264
-0.00473078
-0.0841184
-0.23298
-0.0405176
-0.0930262
-0.0616635
-0.10364
-0.0877025
-0.110611
-0.116094
-0.0426611
-0.119863
0.00322663
0.0749274
0.0229719
0.0585047
-0.0445101
0.0353395
-0.00837741
-0.111955
-0.0377065
0.0428112
-0.0416351
0.0332627
0.044812
-0.0557433
-0.0610765
-0.0252448
-0.096443
-0.0110957
-0.20183
-0.15193
-0.137152
-0.0965391
-0.016168
-0.0635707
0.00149059
-0.061098
0.0498998
-0.0352109
-0.00711705
0.135485
0.0119602
-0.00913666
-0.0405565
0.015463
0.0192584
-0.0431975
-0.106455
-0.107097
-0.0578015
-0.120889
0.0181046
-0.147263
-0.0341758
-0.120809
-0.0634107
-0.110255
-0.105263
-0.16815
-0.0714758
-0.108434
0.0635086
0.0254219
-0.0529097
-0.0878584
0.0348791
-0.0594146
-0.0422613
-0.0349525
-0.0382422
0.0111686
-0.0165091
-0.0692913
-0.0384398
-0.105698
-0.0488263
-0.0677779
-0.0838206
-0.0682195
-0.12885
-0.0799354
-0.0129345
-0.0435784
0.106587
0.011717
0.00464505
0.0609527
-0.0434071
0.0062888
0.188254
0.0424731
0.112155
1.00954e-05
0.0139467
-0.0299841
-0.0190314
-0.0200366
0.0469542
-0.0441004
0.0279259
0.0414976
-0.0747862
-0.0980302
0.00412977
-0.0877618
-0.0736235
-0.121833
0.0218807
0.0274911
0.0672775
0.0120657
-0.0220347
-0.0875982
-0.0484897
0.013199
0.00592206
0.0237804
-0.0139417
0.0371975
0.0234459
-0.129021
-0.13223
-0.0340333
-0.0747038
-0.0814294
-0.192915
0.0466891
-0.107054
-0.0109255
0.0289024
-0.0346932
0.0176174
-0.0067342
-0.00471691
0.00134559
0.0649344
0.0646512
-0.031767
0.00241578
0.00310302
0.0195903
-0.0238183
-0.00660121
-0.0842704
-0.0271879
-0.112692
-0.0957489
-0.0653111
-0.105687
-0.103763
0.0372995
-0.164852
-0.051254
-0.0777232
-0.0281099
0.0471331
0.101093
0.0245968
0.129612
0.113707
0.0145726
0.0481042
-0.0319225
0.102507
0.0325967
-0.0296419
0.0482544
-0.149402
-0.0292486
-0.0683139
-0.0690909
-0.118302
-0.0666863
-0.183486
0.00978979
-0.0790515
-0.0618535
-0.140309
-0.0434232
-0.0131401
0.0794021
0.0454215
0.0397784
0.00095218
0.022732
-0.0103179
0.0252753
0.0206458
-0.0499591
0.0660715
0.0219441
-0.0527859
-0.115911
-0.0969103
-0.0671693
-0.0144151
-0.0377937
0.0889684
-0.0841881
-0.0793698
0.0369565
-0.0437266
-0.117431
0.0101776
0.0208466
0.030194
0.0812706
0.00493159
-0.00714063
0.0292694
0.0839955
0.015483
0.0264619
0.0528305
0.030434
-0.111515
-0.179318
-0.0993401
-0.101672
-0.101848
-0.130373
-0.158725
-0.0357315
-0.0563583
-0.0748149
-0.0719501
-0.164359
0.00296364
0.113912
-0.00250917
0.0348358
-0.0053754
0.0261783
0.0120916
-0.0439682
0.0418975
0.0174014
0.0636377
-0.0363271
-0.0799597
-0.096337
-0.0820277
-0.0727777
-0.0313449
-0.156472
-0.025531
-0.0745852
-0.0919902
-0.0446499
-0.0330336
-0.0828533
0.0258322
-0.0458128
0.095746
0.00932979
0.0611869
0.0466119
-0.0345318
-0.0530383
0.0552944
-0.0306465
0.0797358
0.022675
-0.093157
0.0390009
-0.0399448
0.0230839
-0.0217611
-0.0409635
-0.0537951
-0.0991293
-0.21016
0.0668709
-0.0382839
0.0434535
0.0486444
-0.0260845
0.0072464
0.0119422
-0.010196
0.0487945
-0.00894554
-0.0288405
0.0800678
0.00544588
0.0426777
0.0875604
-0.151006
-0.0264909
-0.0933735
-0.0628072
-0.0566282
-0.0365616
-0.00837039
-0.037196
-0.000965765
-0.0428153
-0.128458
-0.0372576
0.224963
0.027939
0.00498073
0.0498691
0.0593795
0.026782
0.0477292
0.0226837
0.111332
0.0399357
0.0427234
0.0738857
0.00553375
-0.0403872
-0.0575454
0.0242577
-0.0946253
-0.0409899
0.0107804
-0.127461
0.00434931
-0.0297347
0.0666379
0.0433162
-0.0275972
-0.0348277
-0.0155542
0.0251932
0.0101585
0.0810276
0.0625151
0.00505396
0.042323
0.0693379
0.0879309
-0.0493191
-0.101912
-0.130159
-0.100309
-0.0820155
-0.0335621
-0.0116228
-0.0121284
-0.0859207
-0.0739542
-0.107553
-0.0233809
-0.114517
0.0785167
-0.00580884
-0.0245867
-0.0110479
-0.0966302
0.0149849
0.0599929
0.00234184
-0.0475548
0.00233664
0.0621081
0.0314092
-0.0510562
-0.0535565
-0.08898
-0.0122575
-0.150833
0.0406
-0.0393154
-0.0601267
-0.0871938
-0.168181
-0.0401141
-0.016911
-0.00437597
-0.0369611
-0.0707753
-0.0439338
0.0367783
0.0239527
0.022797
0.0217494
0.0436146
0.0215197
0.0941423
0.039052
-0.0485749
-0.111006
-0.0745961
-0.093597
-0.011883
-0.148634
-0.00213215
-0.108899
-0.102096
-0.0730883
-0.0308461
-0.180755
0.0639438
-0.0150113
-0.0694686
-0.0674648
-0.014304
-0.0357388
0.095558
0.0241264
0.106263
-0.00482024
0.064973
0.0294976
0.0201327
-0.0799634
-0.074843
-0.00967934
-0.0883363
-0.0752139
-0.0810502
-0.0816569
-0.057754
-0.0609258
-0.0543805
-0.0802309
0.0371777
-0.0564319
-0.114586
-0.00174776
0.0366451
-0.095441
0.0260839
0.0454508
-0.034985
-0.0173969
0.0643227
-0.0101956
-0.108826
-0.0972093
-0.121903
-0.149564
-0.15629
0.00503892
-0.135454
-0.0563853
0.0128503
0.00234735
0.0174827
0.120575
0.0567155
0.0321979
0.00667557
0.0428988
0.0979899
-0.0269817
-0.011725
-0.00515997
0.0441031
-0.000658468
0.0981254
0.104528
-0.0135196
-0.112884
-0.0626784
0.0366674
-0.0148288
-0.027908
-0.0129045
-0.0505194
-0.0891244
0.0288907
-0.105099
-0.0569888
0.0113165
0.0282216
0.0945161
0.0421734
0.0716482
0.00292498
0.0431469
0.01551
0.0632104
0.105084
0.115653
0.018159
-0.0471967
-0.0362919
-0.119334
-0.0292429
-0.060877
-0.0222863
-0.132564
-0.0162115
-0.125217
-0.0385409
-0.0921571
-0.0554556
-0.0298186
-0.0393115
-0.0117901
-0.0557134
0.0367287
0.0868375
-0.0503821
0.0653508
-0.10736
-0.00482605
0.0206928
-0.00976693
-0.0848329
-0.00563263
0.0241015
-0.0858315
-0.00758179
-0.0635989
-0.0363291
-0.0624033
-0.0775417
-0.0631496
-0.0317195
-0.15258
0.00622802
0.0117422
0.0626512
0.00262172
-0.0137085
0.0148328
-0.092466
0.0110957
0.00968941
-0.00619636
-0.0112192
0.00958682
-0.0199565
-0.0198521
0.0138233
-0.0832225
-0.0992035
-0.0704983
-0.0914548
-0.0821716
-0.0517848
-0.0329417
0.0110642
-0.0158922
0.00902007
-0.0498636
-0.0011139
-0.0290381
0.0574151
0.077364
0.0988473
0.0646171
-0.0199472
-0.035311
0.0103086
0.0281625
-0.0834049
-0.0329651
-0.159484
-0.185023
-0.123477
-0.134898
-0.131514
-0.111608
-0.103923
-0.134958
-0.120083
0.00747566
-0.0194166
-0.0308987
-0.0119075
-0.0295405
0.00424775
-0.0135259
-0.0042086
-0.0103891
-0.0725002
0.0102067
0.0256397
-0.173417
-0.158951
-0.100641
-0.0394794
-0.0580713
-0.0175897
-0.100389
-0.029068
-0.0720007
-0.0775053
-0.00161931
-0.0776736
-0.0640352
0.00554408
-0.0434352
-0.0700381
0.0792828
-0.0613266
0.0306994
0.0479231
0.0176261
-0.00788337
0.0964067
-0.0483886
-0.020411
-0.145188
-0.0438678
-0.0736062
-0.0597289
-0.109053
-0.122421
-0.022269
-0.0916414
-0.155431
-0.0876207
-0.165365
-0.113001
0.0639246
0.0100538
0.00269294
0.0135636
0.0181162
-0.00620041
-0.0194847
0.0239894
0.0208884
-0.0343285
-0.0086162
0.0187669
-0.134945
-0.150689
0.00823075
-0.146463
-0.0337897
-0.0124397
0.00641645
-0.0761855
-0.116904
-0.07442
-0.117793
-0.113826
0.077885
0.0182745
0.014304
0.000758107
-0.0373589
-0.0203837
0.0402869
0.110314
0.0870755
-0.0432868
0.0348152
-0.0250188
-0.0846529
-0.0570937
-0.0997274
-0.071519
-0.062401
-0.0744464
-0.0812978
-0.0913994
-0.105869
-0.0398241
-0.0727425
-0.113293
-0.0288274
0.0153188
-0.0167491
0.0331924
0.0855248
0.0197896
0.0158123
0.00420638
0.010937
0.0270921
0.0466554
0.00324734
-0.0495842
-0.0889003
-0.098298
-0.0504126
-0.13796
-0.0138187
-0.0115771
-0.0825547
-0.136697
-0.0460439
-0.0240073
-0.0847942
0.0254875
0.00492356
-0.0248117
0.0361612
-0.0163174
0.0351412
-0.0835824
0.0149864
0.045279
0.00162807
0.0338752
-0.0451478
-0.0765449
-0.0796027
-0.0153349
-0.128359
-0.0717229
-0.0158867
-0.0354989
-0.130644
0.00320597
-0.121562
-0.116963
-0.103152
-0.058631
-0.110772
0.129921
-0.0177743
0.082779
0.00650602
-0.0299034
-0.009114
-0.00662944
-0.0177484
0.0960931
-0.0469266
-0.154748
-0.0612372
-0.016308
-0.0992626
-0.0957971
-0.0788858
-0.106374
-0.107122
0.38415
-0.114103
-0.168065
-0.133759
0.0794803
-0.0527374
0.0140217
-0.0298408
-0.0475346
-0.0553292
0.0422341
-0.0224942
0.0488078
0.0239322
0.0924523
-0.0249865
-0.0731473
-0.0366826
0.240404
-0.0742713
-0.0807167
-0.108483
-0.114646
-0.0565197
-0.0470964
-0.0784086
-0.00910586
0.00324436
-0.0256931
0.0321963
0.056361
0.0468239
0.0538854
-0.0060982
0.0241775
0.0405031
0.181503
-0.00615367
0.0170101
0.0163315
-0.0654799
-0.0578656
-0.0183813
-0.106876
-0.0614311
-0.0630489
-0.0114017
-0.0191584
-0.0307038
-0.0697232
-0.112529
-0.0807745
0.080113
-0.00942533
0.0208466
0.0308052
0.0498563
0.0217074
0.00727252
-0.00732453
-0.0590764
0.050123
0.00541187
-0.122241
-0.0728609
-0.108801
-0.0865252
-0.0823395
-0.0950103
-0.0936194
-0.102625
-0.0244884
-0.09385
-0.0415789
-0.00944681
-0.0870458
-0.0516013
-0.0204282
-0.020526
-0.0426073
0.0813932
0.0250843
0.0378697
0.0343485
0.0650828
0.0890554
0.0121267
0.0676158
-0.0119046
-0.0924432
-0.0496351
-0.0792895
-0.144106
-0.131337
-0.105404
-0.128137
-0.0984981
-0.108039
-0.0887514
-0.0745913
-0.027242
0.0342355
0.0608517
-0.0673694
0.0620294
-0.00116918
0.0218127
-0.0129007
0.051016
-0.00154191
0.0815394
0.0450754
-0.092843
-0.0386619
-0.0776796
-0.0302804
-0.0722658
-0.072339
-0.137943
-0.0987843
-0.106964
-0.185461
-0.112287
-0.196904
-0.0397052
0.0362591
0.055522
0.00987275
0.0244507
-0.0932263
0.0206432
0.0207486
0.0278202
0.0269692
0.0573728
-0.0392985
0.182858
-0.289282
-0.0132298
-0.0641119
-0.0918306
-0.0809709
-0.091957
-0.089141
0.0264749
-0.114491
-0.105784
-0.0745904
-0.0266096
0.0298128
0.0071713
-0.0725751
-0.0267868
-0.102754
0.0268826
-0.000893285
-0.0978686
-0.0558459
-0.0242511
-0.072623
-0.108318
-0.125427
-0.0485749
-0.0554838
-0.0597067
-0.1581
-0.198506
-0.0799167
-0.0359797
-0.168005
-0.0140408
-0.111178
0.0273297
0.0580889
-0.0614737
-0.00843233
-0.0555748
0.0464517
0.0463078
0.0859309
0.0542059
0.0316264
-0.0196033
-0.0371454
-0.0455551
-0.10009
-0.136811
-0.04384
-0.138026
-0.133021
-0.105921
-0.120892
-0.197938
-0.103899
-0.0308682
-0.0414589
-0.0315147
0.00368323
0.0432338
0.0517355
0.269532
-0.0753681
0.0373952
0.0640694
-0.0716169
0.0197215
-0.0671359
0.0966679
-0.136186
-0.0150108
-0.0216727
-0.033752
-0.0322038
-0.0655367
-0.0273532
-0.0852086
-0.0362064
-0.0031047
-0.0534321
-0.0602637
-0.0134023
-0.0743939
-0.013536
-0.0592987
-0.0912082
-0.00912375
0.0346628
-0.0152428
0.119758
0.0133766
-0.0366853
0.0124916
-0.0727201
-0.0515669
-0.0319414
-0.033878
-0.0305996
-0.0755292
-0.0886623
-0.0301889
-0.0896333
-0.0289171
-0.0799075
-0.00559484
-0.0696577
0.0292478
-0.100251
0.00316501
0.0200616
-0.00289493
0.0165186
0.0391969
0.0987119
-0.0942229
0.0793993
-0.107649
-0.131076
-0.0632667
-0.0469364
-0.134264
-0.0159373
-0.05345
-0.0634034
-0.0289828
-0.0452017
-0.0499133
-0.0609259
-0.0511468
0.103352
0.0240646
-0.0553747
0.0221963
0.0272975
-0.00127497
0.00880319
0.0256928
-0.0570018
0.114353
0.0259476
0.0123199
-0.0198804
0.0190629
-0.125472
-0.114547
-0.0989734
-0.119834
-0.0871199
-0.051469
0.0359426
0.0128258
-0.104366
-0.0535158
0.0878915
-0.0830963
-0.0422701
-0.00313203
0.00803233
0.0190532
-0.0595797
-0.0148158
-0.0518686
-0.00487296
0.0283004
0.0398278
-0.072115
-0.0366231
-0.0335139
-0.0570666
-0.0672396
-0.164323
-0.162138
-0.0733033
-0.12
-0.0364474
0.0302952
0.0546628
-0.0372703
-0.0331327
0.0552874
0.0227061
0.0449251
-0.0216704
-0.0510071
-0.0473995
0.0191099
-0.057496
9.95978e-05
-0.0454888
-0.0902411
-0.099813
-0.0299926
-0.141309
-0.0778781
-0.104901
-0.0914846
-0.0441995
-0.0500407
-0.0468669
-0.10228
-0.133946
-0.0106163
-0.0665848
-0.0218005
-0.0395003
0.062224
-0.110629
0.00810739
-0.0232518
-0.0446807
0.0308885
0.0648453
0.0824738
-0.0687902
-0.100673
-0.0285066
-0.125938
-0.11691
-0.126255
-0.14274
-0.0757772
0.0172043
-0.0641017
-0.0937038
-0.14101
-0.0617363
0.0346994
-0.0133235
-0.0279604
-0.00649371
0.0355017
-0.0572174
0.0214487
-0.0578813
0.0638253
0.00406833
-0.0887017
-0.102044
-0.081698
-0.12583
-0.179757
-0.150121
-0.0395375
-0.167255
-0.0716892
-0.0650375
-0.0438432
-0.035249
-0.0816852
-0.00195823
0.0132361
-0.006814
-0.0374263
0.00240626
0.00468721
-0.0143764
-0.0655338
0.0254139
0.0572888
-0.0144936
-0.0468251
-0.0101735
-0.0275282
-0.0551711
-0.0855831
-0.066356
0.00205369
-0.0502081
-0.0940827
-0.010251
-0.0130807
-0.015364
0.00599989
0.0338147
0.056132
-0.0421192
0.0259688
0.0795894
0.125612
0.00439753
0.0441484
-0.129595
0.0651171
0.00721412
0.100702
-0.0640609
0.0976804
-0.151304
-0.011455
0.0244383
-0.0732074
0.0225978
-0.100163
-0.0404906
-0.0258396
-0.0473607
-0.120587
0.0158957
0.0158923
0.135814
-0.0499308
-0.0617327
-0.116458
-0.0188185
0.0357248
0.0577636
-0.00752452
0.100936
-0.00580963
0.0115553
0.0570625
-0.0546884
0.00531446
-0.0632339
0.00922281
-0.118761
-0.0209556
-0.0791044
-0.0106312
-0.00514019
-0.0304261
0.0195318
-0.0573284
0.0385753
0.0434426
0.0850025
-0.00488191
0.0646531
0.104484
-0.0213803
0.0228703
0.104788
-0.253227
-0.0806752
-0.0530289
-0.0374008
-0.0721709
-0.141581
-0.00506057
-0.132958
-0.0858341
-0.121639
-0.0368761
-0.0721894
-0.127584
0.0254139
-0.0723353
0.0466932
0.0822039
-0.0406059
-0.00542085
0.00698854
0.00807294
0.0137967
-0.0145714
-0.034386
-0.0501787
-0.0806846
-0.0807225
-0.165655
-0.0139822
-0.0951558
-0.148468
-0.0373457
-0.123251
-0.0796368
-0.159877
-0.0953653
-0.141718
0.284329
-0.00440918
0.0481797
-0.0938258
0.0148374
0.0754892
-0.0170268
-0.0502405
0.0152091
-0.0633852
-0.0128759
-0.0662447
-0.100511
-0.0300279
-0.0787692
-0.0710157
-0.0530582
-0.0945815
-0.133434
-0.122396
-0.0614273
-0.128625
-0.0588197
-0.0968462
0.103928
-0.130238
-0.00241297
-0.0182909
-0.00354789
-0.0795488
0.0309559
0.157162
-0.0879572
0.033716
-0.0399515
0.0102417
-0.0430947
-0.0453053
-0.0405356
0.0212399
-0.064476
-0.0386885
-0.0381844
-0.0915126
-0.13042
-0.078631
-0.0284714
-0.0388683
0.0323858
-0.10665
-0.0751014
-0.0727811
-0.0376339
0.0429058
0.114122
-0.0409913
0.0165252
-0.070645
-0.0210586
-0.0325204
-0.113903
-0.167311
-0.163701
-0.0940323
-0.120928
-0.108977
-0.155245
-0.0540785
0.047655
0.0454786
-0.0426268
-0.125628
0.0516051
-0.0462966
0.053664
0.0636033
-0.00960163
-0.0180314
0.0259089
-0.0526785
0.0547727
0.0375968
0.0735529
0.146241
-0.0802816
-0.0657907
-0.0125772
-0.146227
-0.0196873
-0.0929023
-0.053862
-0.125938
-0.0431403
0.0384876
-0.0989525
0.157064
0.162147
0.0101277
-0.0427349
0.0817706
0.0741074
0.0519799
-1.97514e-05
0.0474843
0.0405569
0.00988505
0.135485
-0.00197217
-0.0491955
-0.0654088
-0.0589126
-0.0334847
-0.0467796
-0.0395799
-0.144031
-0.0460071
-0.110653
-0.00651481
-0.0507523
-0.032977
0.0988498
0.0183009
-0.013706
-0.0759553
-0.0700683
-0.0654295
0.00466196
0.0104312
0.0594163
-0.00519316
-0.0187526
0.075577
-0.0253766
-0.0401064
-0.127719
0.0216219
-0.0346296
-0.149318
-0.0431498
-0.0189333
-0.0662426
0.00150783
0.0390968
-0.0937874
-0.142993
0.118314
0.00509204
-5.40792e-05
-0.0229869
0.0186949
-0.0216727
-0.0577183
-0.0127453
-0.0094939
-0.00121495
-0.146856
-0.0578505
-0.125529
-0.111953
-0.0645901
-0.0493819
-0.102789
-0.188629
-0.0559943
0.0236077
-0.0308016
-0.0460673
-0.128012
0.0264772
0.028324
-0.0110912
0.0015409
-0.030045
0.0301683
0.0434826
-0.0513411
0.0532533
0.0346695
0.0058739
-0.0128967
-0.0973103
-0.102442
-0.0684378
-0.00776801
-0.0941276
-0.0808572
-0.0962526
-0.116518
-0.0706237
0.0215108
-0.0441438
-0.0640997
-0.138959
0.00747892
-0.00208561
-0.0418009
0.0129482
0.00123265
-0.0508072
-0.0217096
0.0435333
-0.0219795
-0.021408
-0.0631562
-0.0842268
-0.139068
-0.170195
-0.098716
-0.135539
-0.147951
-0.0895289
-0.168701
-0.0941515
-0.0445727
-0.0833443
-0.0830685
-0.0841932
-0.0210024
-0.0251046
-0.0520973
0.0448494
-0.0666601
-0.0495301
-0.0948351
-0.0301497
0.0690137
0.0829456
0.0452455
-0.169351
-0.090927
-0.133189
-0.053948
-0.110989
-0.0125431
-0.071474
-0.235477
-0.157444
-0.129687
-0.0417459
-0.168132
-0.193088
0.0439526
-0.0457048
0.00515154
-0.0298497
-0.0524839
-0.0452564
0.0185711
0.03389
-0.166749
0.0545577
-0.0552373
-0.0765204
-0.0604049
-0.085452
-0.109854
-0.0685176
-0.0777925
-0.0733013
-0.106679
-0.0984244
-0.101557
-0.0641193
-0.0506061
-0.0583347
-0.0117102
0.104832
-0.0921815
-0.0820597
-0.0693731
-0.018852
-0.0265028
0.0495441
0.0205654
-0.0635275
0.00180144
-0.0379939
-0.034865
0.0143134
-0.0482397
0.0309195
-0.0729324
-0.0298237
-0.115127
-0.0523267
-0.0364604
-0.0960469
-0.0506078
-0.0595564
0.0245867
-0.03238
-0.00906185
0.00416444
-0.0418056
-0.0593319
-0.0368917
-0.118652
-0.100671
-0.0474677
-0.0832987
-0.0873057
-0.1118
-0.0291212
-0.100917
-0.0380768
-0.015591
-0.058573
-0.046125
-0.122485
-0.0340697
-0.152629
-0.106887
0.0440493
-0.0611276
0.00442475
0.0516307
-0.0348162
0.0192188
-0.00893589
-0.0613811
-0.0214875
-0.0856713
-0.0683251
-0.0559808
-0.0505211
-0.04019
-0.0201237
-0.0487415
0.0355809
-0.0759518
-0.0126636
-0.14622
-0.0523286
-0.115302
-0.063596
-0.140258
0.0385753
-0.00838274
0.025623
-0.0172979
-0.0425483
-0.0547661
-0.0450865
-0.0593614
-0.00626469
0.0282016
0.030816
-0.0519945
-0.0920581
-0.0705963
-0.109311
-0.14976
-0.141338
-0.117803
-0.141934
-0.0508101
0.12643
-0.131176
-0.151901
-0.21366
0.00675362
0.0314041
0.0186805
-0.0145865
-0.0645307
0.0878455
0.00329523
0.135276
-0.000694921
0.0163865
0.0133856
0.00235461
0.0330687
-0.0614898
-0.0651063
-0.0959055
-0.107731
-0.0834886
-0.0854168
-0.0418631
-0.0415645
-0.0756345
-0.150079
-0.0837488
-0.0211267
0.0333047
-0.00694986
0.0274952
0.00923796
0.0535554
-0.113335
0.0141205
-0.0805626
0.016581
-0.0118462
0.00689122
-0.128817
-0.0731334
-0.136703
-0.0880116
-0.0856611
-0.0142784
-0.109268
0.159266
-0.0603459
-0.0137712
-0.0557793
0.00530203
0.0100041
-0.0744086
-0.0368612
-0.000392816
-0.00189557
-0.000506288
-0.0167443
-0.0493578
-0.0543685
-0.035393
-0.107696
0.143738
-0.0144955
-0.118526
-0.187928
-0.0637442
-0.104465
-0.0709756
-0.070023
-0.0932794
-0.0552531
-0.0856422
-0.0517692
-0.0400867
-0.0517293
-0.0312048
-0.00237419
0.0120874
-0.0772895
-0.054498
-0.05097
-0.0421963
-0.00634375
0.0560997
-0.0127664
0.0067057
-0.0797911
-0.0709032
-0.1264
-0.087564
0.0710056
-0.0282572
-0.0608725
-0.020385
-0.0162638
-0.095403
-0.035917
-0.0570788
-0.078738
-0.0394699
-0.0271163
0.0108539
0.00196851
-0.0425913
-0.00190019
-0.0127716
-0.136432
0.00576903
0.0425676
0.0359163
-0.0307581
-0.104784
-0.0249616
-0.0844727
-0.185433
-0.0714602
-0.116743
-0.0994949
-0.0912416
-0.0493902
-0.114985
-0.0736176
-0.0527012
0.00645772
-0.0557725
-0.0141663
-0.104002
-0.00156288
0.00777697
-0.00557282
-0.00798714
-0.0427814
-0.0417909
-0.0484675
-0.0569638
-0.141903
-0.0983701
-0.0843926
-0.107268
-0.137766
-0.0574441
-0.0668016
-0.068445
-0.0928243
-0.118191
-0.126537
0.0053926
0.00868446
-0.0121646
0.44354
-0.0247591
0.0358778
-0.0269546
0.0547122
0.104218
0.109812
-0.11158
-0.145069
-0.120639
-0.0964296
-0.0792704
-0.0956515
-0.104602
-0.0594761
-0.0572125
-0.0984674
-0.103413
-0.0971985
-0.0932915
-0.109619
0.00301583
-0.118092
-0.0326786
-0.0121681
-0.0724476
-0.00264069
-0.07668
-0.053816
-0.0822131
0.0225004
-0.0325322
-0.0819221
-0.129897
-0.0984488
-0.0839607
-0.0686602
-0.107158
-0.106145
-0.109726
-0.0288852
-0.145646
-0.0641642
-0.14992
0.15196
-0.0150158
-0.0159267
-0.0929509
-0.00829431
-0.0167704
-0.0478902
-0.0330851
-0.11166
-0.103513
-0.0798841
0.0218849
-0.0430947
-0.124628
-0.0717563
-0.160126
-0.0361516
-0.062518
-0.0901408
-0.178276
-0.0369358
-0.165643
-0.00769133
-0.107361
-0.085023
0.188338
-0.0560976
-0.11463
-0.0166038
-0.00442691
-0.098428
-0.104361
-0.0107812
-0.0191894
-0.0520354
-0.0622134
-0.0308416
-0.0643133
-0.0488348
-0.147296
-0.122099
-0.172138
-0.0445525
-0.110155
-0.0552462
-0.200468
-0.0968981
-0.127496
-0.079276
-0.107884
-0.0426189
0.0431501
-0.00468075
-0.0584934
-0.0677118
-0.0423145
-0.0913155
-0.0905194
-0.0278763
-0.0233431
-0.0830319
-0.130946
-0.0524169
0.141689
-0.0931049
-0.0512661
-0.0727025
-0.208646
-0.0893823
-0.132544
-0.0217343
-0.0661807
-0.110732
-0.0379562
-0.104002
-0.0190315
-0.0348792
-0.0583347
-0.0748113
0.134281
-0.0960959
-0.0172608
-0.00988134
-0.0268046
-0.0682111
-0.150817
-0.060907
-0.103781
-0.10695
-0.0495001
-0.124958
-0.230908
-0.0534342
-0.0897111
-0.055363
-0.108537
-0.115955
-0.0376501
-0.00469632
0.0871116
-0.0104888
-0.0150746
0.0618789
-0.00769381
0.0441939
-0.00368704
-0.0132649
-0.0225157
0.013256
-0.130411
-0.0567504
-0.128994
-0.0794964
-0.129871
0.0339973
-0.113827
-0.0728381
-0.0677861
-0.120135
-0.0586532
-0.102893
0.0161262
0.212944
-0.071571
-0.121722
0.0385753
-0.012821
-0.0270352
0.0470911
-0.0350274
0.0265196
0.0291021
-0.0297793
-0.0876763
-0.152959
-0.125835
-0.100627
-0.126175
-0.0116089
-0.0903557
-0.0452173
-0.0671213
-0.0468757
-0.11263
-0.136634
-0.106338
0.00979845
0.0711985
-0.0121959
-0.0680598
0.0568775
-0.0185197
0.00363267
-0.0951916
-0.0497267
-0.0828681
-0.0772964
-0.0440204
-0.0611681
-0.0167438
-0.0953183
-0.0938581
-0.0743065
-0.122966
-0.032066
0.272779
-0.0746777
-0.156102
-0.00114149
-0.121911
-0.039175
0.0694551
0.0402818
-0.0621321
-0.044179
0.0351824
-0.0131812
-0.0201885
-0.0804034
-0.000723572
-0.0686755
-0.232378
0.0322098
-0.0551441
-0.0584385
-0.015974
-0.0276572
-0.0106884
-0.0109974
-0.0401983
-0.104202
-0.0786349
0.0369062
-0.0372984
0.171974
0.00959406
-0.0401352
0.105954
0.0836864
-0.114497
0.0154984
-0.0747602
0.0282345
0.0289073
0.0455652
-0.101658
-0.0860965
-0.118717
-0.0147651
-0.0824684
-0.0463919
-0.0556488
-0.117662
-0.0347835
0.0164547
-0.110116
-0.00784676
0.0311934
-0.0408364
-0.0183375
0.0326009
-0.0131431
0.00811745
-0.126078
-0.0205697
0.0336778
0.0578609
-0.0163466
0.0675767
-0.0879086
-0.0258997
-0.108435
0.0336857
-0.0628311
0.0126825
-0.0773515
-0.125132
-0.0941252
-0.0405728
-0.140026
0.0814553
0.0152206
-0.00834959
-0.0551838
0.0491312
0.0160011
-0.0369079
-0.0229864
0.0276645
-0.0337122
0.181997
0.0296747
0.00319729
-0.132975
-0.113897
-0.103295
-0.0600345
-0.0842841
0.0491826
-0.162805
-0.132596
-0.123921
0.08876
-0.00275944
-0.018078
-0.0290473
0.00203174
-0.182178
-0.0686346
-0.0481384
0.00643722
-0.0609557
-0.0850494
-0.071098
0.00181103
-0.00747954
-0.0420144
-0.0790597
-0.0679366
0.0163278
-0.0450546
-0.101117
-0.0978089
-0.0436897
-0.0224926
-0.0604405
0.0801608
-0.178018
-0.0852947
-0.051771
-0.00963116
-0.0294121
-0.0141683
0.00942641
-0.030638
0.0130426
-0.0105101
-0.0423172
0.0195639
-0.0460935
0.0351133
-0.0745804
-0.109995
-0.0976137
-0.10073
-0.093357
-0.0520345
-0.02518
0.0481191
-0.13331
-0.101267
-0.0310193
-0.121096
-0.136094
-0.0826817
0.0510919
-0.0956874
0.0160909
-0.0485287
-0.11183
-0.0252892
-0.0307127
-0.0399004
0.0163519
0.00244173
-0.0905922
-0.000799214
-0.0924698
0.0279915
-0.0833592
-0.123144
-0.134493
-0.128298
-0.117655
-0.0906148
-0.131
-0.113405
-0.0737396
0.00931033
-0.000838842
0.0251218
-0.0166303
-0.043125
-0.0477845
-0.00513364
-0.0693176
-0.00441323
-0.0809005
0.0197011
-0.0954987
-0.102095
-0.0730017
-0.0447304
-0.191566
-0.15748
-0.0126784
-0.0621388
-0.0764763
-0.078716
-0.0639504
-0.106258
-0.128547
0.021326
-0.0706871
0.0437455
-0.0128277
0.00323958
-0.099845
-0.0175756
-0.0452571
-0.088757
-0.0743043
0.109428
-0.30636
-0.0861197
-0.108186
-0.0821233
-0.0536806
0.127196
-0.0467682
-0.0201105
-0.137398
-0.060731
-0.109516
-0.0563836
0.000979352
0.00945822
-0.0338609
0.0302711
-0.04776
0.0991634
-0.0154065
-0.010167
-0.101993
-0.0300204
-0.0200438
0.0309887
-0.107458
-0.030541
-0.0790084
-0.0555626
-0.0619068
-0.0941141
-0.128906
-0.104815
-0.075838
-0.0929022
0.0187658
-0.0882486
-0.0140671
0.000543731
0.00139988
0.0244329
-0.0883655
0.0248174
-0.091481
-0.0488909
-0.16134
-0.0241722
-0.00993714
-0.0434843
-0.0457377
-0.0573577
-0.0893835
-0.0295196
-0.12497
-0.146779
-0.032655
-0.0674804
-0.0399903
-0.0621891
-0.0325648
-0.0527788
-0.0547683
-0.00197318
0.017341
-0.0170829
0.00608153
-0.0396525
-0.0684091
-0.0358199
0.0912319
-0.117106
-0.184202
-0.0812403
-0.0925068
-0.130714
-0.0526449
-0.0667333
-0.0761726
-0.0730827
0.00448399
-0.0273881
-0.116534
-0.109824
-0.145447
-0.0531722
0.0342682
-0.0320285
-0.119867
-0.00774274
0.0804216
-0.0710991
-0.0587617
-0.0589188
-0.0903528
-0.0567839
-0.0910369
-0.035614
-0.157567
-0.1159
-0.0421527
-0.0591986
-0.0565512
0.000335249
-0.0478877
-0.178553
-0.0952332
-0.188053
-0.144057
-0.0596793
-0.0281769
0.00178092
0.164364
-0.0325889
-0.037051
-0.0137539
0.0874973
0.0272531
-0.0977995
-0.040162
0.0303028
-0.0360583
-0.0721127
-0.0243098
-0.0395079
-0.084004
-0.0713686
-0.105836
-0.0565282
-0.0322913
-0.0578204
0.0488876
-0.0680957
0.0208299
-0.0509017
-0.0376396
0.106118
0.019906
-0.0433979
0.0553237
-0.128242
-0.0136027
0.010094
0.0343793
-0.0296224
-0.0481155
-0.0462671
-0.0135643
-0.0617977
-0.0577405
-0.0485749
-0.0493799
-0.103439
-0.0547178
-0.0311257
-0.0217361
-0.114254
-0.0183958
-0.0996332
-0.0291925
-0.0477108
0.0219688
-0.0553059
-0.0225112
-0.00891787
0.0983993
-0.0846074
-0.0235726
-0.122149
-0.0515645
-0.240975
-0.0435469
-0.14163
-0.0246887
-0.0926553
-0.0360401
-0.117269
-0.11852
-0.0553906
-0.0744873
-0.0295629
0.00728708
0.040155
0.02548
0.0630419
-0.052546
-0.188177
0.048256
0.000275598
-0.00737108
-0.0942693
0.0169676
0.0442599
-0.0134084
-0.0570227
0.0666505
-0.0493585
-0.0489591
-0.0729938
0.0202141
-0.0971418
-0.0482724
-0.0869787
0.0302219
0.038652
-0.0496974
-0.0750048
0.0320265
0.00585148
0.0870819
0.0294596
-0.141787
0.0142077
-0.076161
-0.111968
-0.156488
0.0613999
0.00527365
-0.130405
-0.0330865
0.0376264
-0.0667048
-0.0926703
-0.051227
-0.121906
-0.0636553
-0.0932571
-0.0976962
-0.0437658
-0.0881998
-0.185127
-0.0206487
0.0382523
0.0208232
-0.0111464
-0.0335917
-0.0694627
-0.104847
-0.0458552
-0.00843162
-0.00871039
-0.0410225
-0.0229327
-0.0451709
0.0769453
-0.0461459
0.0722409
-0.0103479
-0.157765
-0.0816049
-0.112414
-0.0804005
-0.175789
-0.111341
0.0299285
0.035119
-0.0253267
0.0704241
0.0639892
-0.0737377
-0.0352034
0.0295775
0.0125965
-0.0131243
-0.0667679
-0.00993413
-0.0252019
-0.0586317
-0.0532901
-0.0710698
-0.0275381
-0.113097
-0.152431
-0.1274
-0.125606
-0.0657935
-0.0784103
-0.0580203
-0.0640426
-0.0338388
-0.0871552
0.0629607
-0.0689893
-0.0316716
-0.0513207
0.0282893
-0.00130599
-0.0413014
-0.038672
0.111221
-0.152064
-0.123426
0.0163958
-0.111912
-0.0487539
-0.00728188
-0.178827
-0.0322478
-0.0211034
-0.115148
-0.112635
-0.168574
-0.0371005
0.0857411
-0.105995
-0.0570045
-0.0235381
-0.0503658
0.0306064
-0.0127576
0.00913755
-0.0437192
-0.219024
-0.130657
-0.0104462
0.021542
-0.0745417
-0.0844628
-0.0764154
0.0479422
-0.145623
-0.00600682
-0.0367162
0.0278705
-0.159883
-0.102525
-0.0729167
0.0570775
-0.108744
-0.00259689
-0.0833929
0.066865
0.142418
-0.0809055
-0.067177
-0.0657621
0.0441653
-0.0621072
-0.1734
-0.123646
-0.12987
-0.108974
-0.128373
0.0125335
0.0311075
-0.035939
-0.167328
0.00244183
-0.0909719
-0.0209649
0.0124783
-0.0919314
-0.0475982
-0.0309247
-0.10985
0.122882
0.0638554
-0.00745547
-0.0667004
-0.05701
-0.0777929
-0.0434504
-0.0477243
-0.00146575
-0.0942513
-0.0893404
-0.140673
-0.00590891
-0.144374
-0.000756425
-0.0588611
0.0656748
0.0627882
-0.0084582
-0.0325014
-0.036443
-0.00840105
-0.0284518
-0.0194166
0.0417013
0.00917192
-0.0333539
-0.104092
-2.13306e-05
0.0030418
0.000300794
-0.085523
-0.120483
-0.103868
0.0363764
-0.0655371
-0.0935664
-0.0951441
-0.0957286
-0.0578418
0.0629936
-0.236873
0.074768
0.027039
-0.0215928
0.0391312
0.0110559
-0.0636099
-0.000852173
-0.00578575
-0.0251511
-0.0911229
-0.0318377
-0.0794854
-0.011995
-0.153218
-0.0620278
-0.0296493
-0.0437674
-0.131692
-0.0960397
-0.115386
-0.0215342
-0.0830734
-0.0758894
0.000301933
-0.0140682
-0.0436522
-0.0614603
-0.042772
-0.0196607
-0.0493398
-0.0209475
-0.027242
-0.0111778
0.0422506
0.104953
0.0680566
-0.0965209
-0.0654519
-0.0376145
-0.0528468
-0.152107
-0.138359
-0.0435122
-0.0959249
-0.0776131
-0.106806
-0.0609793
-0.0596554
-0.0700108
-0.0411359
-0.0460166
0.0147793
-0.099872
-0.0222257
-0.139638
-0.0664444
-0.139494
-0.0304057
-0.0153491
-0.0445215
0.0136806
-0.0985461
-0.0829233
-0.0856458
-0.0839275
-0.0915797
-0.202162
0.0150595
-0.0880242
-0.0510628
-0.0176277
-0.0172446
-0.0193812
-0.00140282
0.0179933
0.0495296
-0.0455741
0.000664502
-0.00183146
-0.0542225
0.0171661
-0.0464103
0.000860838
-0.0198405
0.0356655
-0.146527
-0.104662
-0.08096
-0.081602
-0.0144952
-0.081681
-0.0544323
-0.0853792
-0.0918885
-0.0641774
-0.0667935
-0.000241868
0.0317716
0.0177027
0.0700124
-0.0226943
-0.0557246
-0.0224786
-0.0395243
-0.0604721
-0.0492844
-0.00676157
0.0219322
0.00271928
0.0600715
-0.12653
0.108339
-0.13527
-0.168503
-0.209689
-0.147305
-0.0874356
-0.0904731
-0.183139
-0.0943617
-0.143706
-0.0251639
-0.0451607
0.018424
-0.105113
-0.113137
-0.339282
-0.0469427
-0.054863
0.0186824
-0.0747137
0.0437571
-0.0632907
-0.164354
-0.0211805
-0.115013
-0.113524
-0.0444816
-0.0633221
-0.154608
-0.16679
-0.129096
-0.0921267
-0.0869787
-0.149899
0.000442735
-0.0593488
-0.0417456
-0.0467229
-0.083419
-0.0978273
-0.00495781
-0.0818258
-0.0184139
-0.0510709
-0.10522
-0.124404
-0.0849588
-0.061487
-0.139544
-0.0995056
-0.155436
-0.123104
-0.108134
-0.189787
-0.0868979
-0.18741
-0.173986
-0.1754
-0.0561302
-0.117602
-0.0520632
-0.0701035
-0.00887475
-0.0696068
0.0964728
-0.119928
-0.0520153
-0.0653498
-0.052534
-0.0525109
-0.0985677
-0.0863227
-0.191213
-0.0706931
-0.123467
-0.0985208
-0.0708684
-0.0833267
-0.115286
-0.179382
-0.145793
-0.0607382
0.0104067
-0.00969985
0.000786738
-0.0574624
-0.0581862
-0.0608093
-0.0497518
0.0104397
0.0180038
-0.127883
0.0396727
-0.129863
-0.0609697
0.0370699
-0.0287691
-0.0819787
-0.0135969
-0.0468469
-0.1061
-0.100421
-0.0423247
-0.0433745
-0.0190736
-0.121617
-0.0635551
0.0439294
-0.00859468
-0.0305056
-0.110603
-0.0363748
-0.105648
0.044662
-0.00498525
0.122348
0.0447202
0.0432728
0.234945
-0.0721114
-0.0780071
0.0938019
-0.0881617
-0.0930398
-0.0376726
-0.139302
-0.119219
-0.0871415
-0.0691052
-0.075911
0.056224
-0.0105065
0.0225975
0.0314204
0.0284258
-0.0479847
-0.0896035
-0.0221706
-0.0184803
0.113026
0.0231412
0.0183072
-0.0617563
-0.00273678
-0.0542374
-0.0795823
-0.0935527
-0.0621287
-0.0977733
0.00421674
-0.0946867
-0.0238816
-0.0184407
-0.137848
-0.0704053
0.0403078
0.121052
0.0977544
-0.0478279
0.0432578
-0.0195441
-0.0746482
-0.00709013
-0.0337122
-0.0348781
-0.0029287
-0.0253776
-0.115947
-0.0490468
-0.0430526
-0.0092265
-0.10007
-0.0724004
0.0965291
-0.0792094
-0.026724
-0.0481914
-0.0549769
-0.123208
-0.0854555
-0.0281028
0.0392075
-0.107839
0.00102889
-0.0311807
-0.0994871
-0.0196038
-0.155486
-0.0238828
0.0409643
-0.0186526
0.0167692
-0.0234554
-0.140997
-0.134208
-0.0960056
-0.094431
-0.0873481
0.209434
-0.0502948
-0.0609306
-0.0627789
0.00758313
-0.0277648
-0.0222497
-0.0373033
-0.133121
-0.0480919
-0.00556718
-0.013594
-0.0871157
-0.0724932
-0.0654438
-0.00202459
-0.0832261
-0.075429
-0.124199
-0.0882525
-0.0385242
-0.0825479
-0.105617
-0.0731167
-0.072948
-0.172551
-0.0115882
-0.0746976
0.0858139
-0.0163702
-0.0553646
0.0781559
0.082698
0.00319333
-0.0114293
-0.0748655
-0.0487125
-0.0633547
-0.0325186
-0.140995
-0.0858846
0.0501572
-0.0433721
-0.0646165
-0.0904034
-0.0883477
-0.142958
-0.0867829
