-0.203708
0.365659
-0.00646244
-0.144444
-0.0677304
-0.561268
0.0704527
0.117801
-0.109846
0.453554
0.63924
0.285044
-0.182042
-0.0528722
-0.0239634
-0.308037
-0.619925
-0.454221
-0.568615
-0.175161
-0.0498373
0.0270651
-0.542949
-0.107797
-0.826771
-0.172046
0.075193
-0.486736
-0.5822
-0.0956664
1.39198
-0.0887015
-0.0836065
-0.0317084
0.210845
-0.0905368
0.0539876
-0.694353
0.258948
0.119522
-0.056526
-0.24746
0.0646268
0.168129
-0.0174018
-0.234322
-0.0152715
0.0735786
-0.523524
-0.381359
-0.607142
-0.0275297
-0.702589
-0.0747191
-0.74346
-0.294073
-0.258688
0.240693
0.132261
0.00103751
0.00636187
0.0166952
-0.108482
-0.102327
0.0231861
-0.422672
0.431111
0.445855
-0.0387117
-0.0586636
-0.0214387
0.0135464
1.00785
-0.00432255
-0.0814658
-0.528397
-0.250383
-0.0586166
0.146822
-0.063589
-0.349576
0.0742215
0.311209
0.246217
0.0181469
-0.118967
-0.202604
0.0880136
-0.175613
0.0376694
0.0953626
0.157679
-0.110772
-0.0427602
-0.0126849
-0.0287196
-0.134993
-0.0263794
-0.076983
-0.0340532
-0.140289
-0.192073
-0.232756
-0.00997799
-0.315461
-0.311612
-0.376815
0.102514
-0.0641783
0.0024494
-0.127137
-0.127117
-0.178909
-0.0125214
-0.43001
0.0784479
0.784996
0.7018
0.249628
0.134398
0.347628
0.137004
0.473691
0.124793
-0.298945
-0.0874758
-0.408308
0.13701
0.476097
0.215982
-0.0319055
-0.0537042
0.0399185
0.12222
-0.509002
-0.149168
-0.0924119
0.0550789
0.107848
0.133813
0.0830752
0.30424
0.473186
-0.0914385
-0.0825145
0.0222444
-0.589868
-0.069458
0.163585
0.187629
0.522352
-0.0597978
0.28919
0.0692655
-0.0672464
0.170288
0.247841
0.207334
-0.0504196
0.13323
0.249153
-0.490008
-0.476106
0.19905
0.17056
-0.23516
0.234487
-0.059676
-0.425467
-0.211385
0.441514
0.147208
-0.0597031
-0.0950136
-0.698913
-0.345559
0.0318601
-0.069705
-0.0972983
-0.733937
-0.314787
-0.331237
0.0952246
-0.160997
-0.0200445
0.613392
0.197484
0.0282443
-0.0854814
0.0506609
0.0799436
0.907288
-0.086918
-0.1793
-0.230806
-0.00993267
0.0503002
-0.218171
-0.10353
-0.315898
-0.179548
0.259594
-0.0995385
0.203214
-0.0370029
-0.0542118
-0.34786
-0.346266
0.118418
-0.335316
-0.164468
0.0777964
0.0289164
-0.11982
-0.119108
0.0853974
0.173394
-0.326341
-0.107647
-0.100994
-0.270069
0.017478
-0.00946792
0.518779
-0.177962
0.044182
-0.0700746
-0.724824
-0.0465392
-0.163106
-0.188411
0.101204
0.102356
-0.240514
0.36242
-0.131302
-0.200345
-0.0272526
0.0429943
0.00148347
-0.492214
-0.215409
0.0404061
0.183576
-0.0419537
-0.325438
-0.117373
0.183874
-0.0667419
-0.0295426
-0.0150004
-0.300603
-0.129804
-0.505345
-0.532347
-0.677823
-0.582095
-0.00466497
-0.288954
-0.105554
-0.322036
0.46748
-0.0454138
-0.346467
0.660752
0.0427142
0.00692246
0.0028825
0.0145545
0.893005
-0.130832
-0.309662
-0.0535356
0.42558
-0.122342
0.048524
-0.0866732
-0.0893673
-0.436908
-0.0501869
-0.547328
0.511758
-0.344107
-0.67079
-0.189303
-0.130488
0.363828
1.20747
1.033
0.184521
-0.556166
-0.485004
-0.0970743
0.200367
0.398325
0.253896
-0.781272
0.200965
0.0182171
-0.016598
-0.0417381
0.173064
-0.642477
-0.580119
0.0785729
0.0378449
-0.568473
-0.199044
-0.528369
-0.223931
-0.0228616
-0.633635
0.125396
0.500226
0.0378242
0.295083
0.121077
-0.0198991
2.52122e-05
-0.0385863
-0.00946795
-0.153422
-0.0158547
0.035367
0.131816
-0.00837627
0.0131498
-0.563858
-0.335827
-0.177777
-0.0121242
-0.18461
-0.0828939
-0.04625
0.122066
-0.0914023
-0.32217
-0.15213
-0.0314369
0.101632
-0.0158213
0.293426
-0.0306572
-0.469055
-0.0953826
0.238766
-0.0983388
-0.420892
-0.0914601
0.113986
0.185408
-0.0933826
-0.206613
-0.391665
0.283174
0.275438
-0.168547
-0.0993874
-0.505664
0.33023
-0.201222
-0.0735282
0.0762442
-0.0830053
-0.017624
-0.260915
-0.0732288
-0.0273059
-0.0500458
-0.375712
-0.185559
-0.462743
-0.129906
0.429996
1.48998
-0.586515
-0.284391
0.0582545
0.221884
0.00686014
-0.481415
0.19235
0.186087
0.0836623
0.0124599
0.112931
-0.0519102
-0.387159
-0.0294646
-0.249613
-0.0361435
-0.086465
-0.208592
0.121894
-0.0606205
0.46643
-0.0254072
0.0731657
-0.177585
-0.324559
0.122395
-0.0549112
0.0578196
-0.295646
-0.578521
-0.360703
0.525069
0.572831
-0.744433
-0.301069
-0.1208
0.985254
-0.190107
0.6543
-0.175575
0.179184
-0.201659
-0.170953
-0.186504
-0.0108047
-0.121318
-0.0505249
0.578584
-0.821298
0.151773
-0.0243267
-0.142219
-0.0972551
0.0553474
0.0592922
-0.497238
0.281205
0.264428
0.264594
-0.162629
0.041988
-0.0512592
-0.0837639
-0.0782464
-0.0645879
-0.130711
-0.435502
-0.0965724
-0.0168271
0.158276
0.208533
-0.02501
-0.0424557
0.0170514
-0.601579
-0.159031
-0.0599634
-0.226319
-0.056974
-0.360511
-0.13648
-0.200853
0.00197928
0.642254
0.490756
1.00871
-0.219718
0.296771
-0.205314
0.143894
-0.152162
-0.437617
-0.310174
0.0104533
-0.0444717
0.467435
0.0290553
-0.0217745
-0.329155
-0.384081
-0.401665
0.0899908
0.977378
-0.120128
0.171366
0.147635
-0.185218
0.0733316
0.275141
0.548311
0.180533
-0.0573545
0.30226
-0.0804249
-0.168907
-0.260404
0.250905
0.267565
-0.28515
-0.228845
0.76529
0.308568
0.125101
-0.42239
0.205169
-0.294432
0.120803
0.339803
-0.13117
0.282975
0.254989
-0.423868
-0.0200509
0.337182
0.408089
0.236173
-0.0115221
0.62008
-0.0967869
-0.590031
-0.103987
-0.130731
0.0297412
0.089489
0.084759
-0.171514
0.287111
-0.409027
-0.388891
-0.0220308
-0.0487612
-0.120306
-0.0959235
0.262287
0.0652312
0.0193521
-0.0918565
-0.184039
-0.213301
0.0724414
-0.0110096
0.290708
0.110756
0.209176
0.208786
0.15942
-0.113931
0.012493
-0.0236291
0.00199634
-0.152916
-0.263077
-0.244115
-0.324152
0.139322
0.0486094
-0.0102279
0.0808717
0.0393519
-0.0533985
0.0726502
-0.436903
-0.11535
-0.272097
-0.303635
-0.304288
-0.169421
-0.00283026
-0.411729
-0.240043
-0.265873
0.0921107
-0.030784
-0.344695
-0.209909
-0.557669
0.181802
-0.192862
-0.145947
-0.340374
-0.0546822
0.704445
-0.193615
-0.00350498
-0.378847
-0.233672
-0.198889
-0.0100675
0.281687
0.109834
0.292249
-0.332085
-0.371053
-0.105372
-0.0364558
0.251644
0.176686
-1.09272
-0.0226771
0.181279
0.0152922
0.155392
0.0439626
0.0480127
-0.231934
-0.261128
-0.0961682
-0.352824
-0.271661
1.0117
-0.216112
0.0189071
-0.400975
-0.225837
-0.13344
0.0855456
-0.248557
0.246323
0.123755
-0.14689
1.08348
0.187167
-0.335847
0.490941
-0.0922243
-0.400546
-0.207175
-0.0274689
0.744779
-0.122075
-1.08376
-0.983543
0.345158
-0.217928
-0.224433
-0.157785
0.0202153
0.058117
-0.0516739
-0.00432069
-0.580765
-0.147616
-0.0128977
0.0022579
-0.202106
-0.00655738
-0.252871
0.0680223
-0.00548355
-0.109317
0.0148703
-0.364006
-0.523027
0.146832
-0.271319
0.3745
0.341145
-0.137547
-0.112796
0.237788
0.0257409
0.0609661
-0.0746932
-0.0387855
0.331521
-0.140458
0.099232
0.192575
-0.0230339
-0.425724
-0.173028
-0.200333
-0.121134
-0.353536
-0.317087
0.465993
-0.448641
-0.443124
-0.567749
0.10521
0.0341016
0.178326
0.578649
0.545691
-0.0673361
-0.000398801
0.0800867
-0.161329
0.27256
-0.357279
-0.205862
-0.244636
-0.227333
-0.473841
-0.205763
-0.0837401
-0.0362349
0.162625
-0.0170873
-0.107145
-0.30946
-0.17641
-0.113416
-0.208898
-0.129663
0.0503003
0.390852
0.142065
-0.276374
-0.565788
0.084592
-0.741431
-0.197868
-0.0704542
0.111937
-0.142706
0.0197756
-0.0568063
0.0535534
-0.197548
-0.268288
-0.433897
-0.307357
-0.327185
-0.0383441
0.254772
-0.123016
0.0648424
-0.0763804
-0.123288
0.0239691
-0.186032
0.269904
-0.250808
0.590756
0.953266
-0.137047
-0.191134
0.24288
0.0626879
-0.203271
-0.247468
-0.0885224
-0.0611776
0.096622
-0.323492
0.0112692
-0.18691
0.03674
-0.0884973
0.424049
-0.169946
-0.275299
-0.486589
-0.091086
0.253444
0.336592
0.869023
0.221776
0.218357
0.140468
0.204986
-0.303758
-0.319893
-0.349567
0.0431374
0.224468
0.329198
-0.219186
-0.40666
-0.539919
-0.336285
-0.368671
0.419858
-0.424505
-0.157593
-0.000558227
0.661249
-0.158102
0.191721
-0.0422222
-0.0679353
-0.030075
-0.15592
-0.0230717
-0.0181361
-0.560553
-0.302512
-0.417841
-0.16979
-0.0578485
-0.233585
-0.0290529
-0.0671075
-0.101489
0.158525
-0.256894
-0.510571
0.637431
0.527285
0.353616
-0.0937237
0.20909
0.600532
0.122738
-0.183941
-0.119425
-0.0411476
0.0455558
-0.48748
-0.332741
-0.135211
-0.256107
0.521273
0.463897
-0.307755
0.0775761
-0.0119887
0.00299547
0.0604797
0.182217
-0.405236
0.229885
-0.00409133
-0.410288
0.20782
0.00536355
-0.128259
0.153943
0.795395
-0.341921
-0.712298
-0.576699
0.03988
0.0290979
-0.544967
0.149074
0.0665771
0.10106
0.0166382
-0.0631399
-0.139656
0.0957531
0.12648
0.0189307
-0.0259671
0.0926977
-0.095403
-0.125133
0.127639
0.100479
0.0833136
0.789407
-0.209185
-0.148493
0.0470362
0.0577832
0.111554
0.0340484
0.084356
-0.20393
-0.0181938
0.0203465
1.02296
0.563239
-0.140388
-0.186225
-0.243806
-0.0762926
0.247161
-0.168706
-0.0701143
-0.114849
-0.232757
0.34152
0.0653825
-0.15119
-0.131
-0.0530652
-0.442718
-0.177748
0.0890203
-0.349178
-0.18297
-0.195772
-0.471215
-0.0685398
-0.208067
-0.148476
-0.329875
-0.0368001
-0.301798
0.0621354
-0.149919
-0.272491
-0.27837
0.239525
-0.30522
0.0988315
0.0714663
0.0382013
-0.352157
-0.37874
0.928864
0.867154
0.0888637
0.00117147
-0.149052
-0.2103
-0.11647
-0.388812
-0.162772
-0.114623
-0.0713933
0.291783
-0.131141
-0.382959
-0.247586
0.0269943
0.493391
-0.0407507
-0.0984985
-0.179877
-0.435534
0.0388692
0.416542
0.226705
-0.0670825
-0.100878
0.168898
-0.108447
-0.269112
0.0196224
-0.259604
-0.282448
0.978964
1.34013
-0.113265
-0.146728
0.0895514
-0.481701
-0.10256
0.668575
0.00253984
-0.47061
-0.527915
0.0447946
0.193426
0.3846
-0.0624911
-0.121487
-0.113974
-0.0744088
-0.437674
-0.251623
-0.511963
-0.153705
-0.286571
-0.107854
0.122087
-0.00241427
-0.424427
-0.331644
0.505122
-0.0159709
-0.115502
-0.0691116
-0.15446
-0.077101
-0.291933
-0.265428
-0.68273
-0.221301
0.211222
0.0725078
0.329532
0.0168327
-0.00777542
-0.0230897
0.381217
0.0645213
0.0470428
-0.0538568
-0.92379
0.0846004
0.477352
-0.180675
0.021724
1.4221
0.0824862
0.223834
-0.0191696
0.0834593
-0.434842
0.139749
-0.0644262
0.585345
0.101063
-0.060118
0.162565
-0.0298437
0.14731
-0.0366702
-0.661626
-0.278629
-0.333684
-0.439881
-0.0609433
-0.719819
-0.668174
0.197141
0.0306386
1.2196
0.430307
-0.124599
0.419269
-0.191438
-0.196746
-0.0552254
-0.153866
-0.377889
-0.233072
-0.531533
-0.133212
-0.0739614
-0.0491485
-0.0517352
-0.118273
-0.393152
-0.329168
-0.535431
0.159835
0.0087934
-0.063278
-0.394756
0.0257428
-0.0148905
0.0230679
0.225113
1.06935
-0.389215
0.0921512
-0.0599782
0.114743
-0.108516
-0.317922
-0.275551
-0.975827
-0.129333
0.481289
0.322632
0.252587
-0.866713
-0.382217
-0.297592
0.0332349
0.525862
-0.273061
-0.0716691
-0.0719632
-0.18748
-0.315655
0.912021
0.25241
-0.363267
0.178538
-0.331117
0.0147706
-0.194495
-0.290995
-0.444805
-0.691312
0.0718091
-0.112695
-0.529332
0.175036
0.148829
-0.119406
-0.262403
0.227722
-0.341275
-0.173164
0.0868369
0.18428
-0.198855
-0.310717
0.635849
0.0769728
-0.126142
0.329611
0.069493
0.157025
-0.0812297
0.427387
-0.0253387
0.222246
0.117203
0.256093
-0.319517
0.374025
0.645393
0.945523
0.37996
0.496173
0.0940198
0.109654
0.0455844
-0.150325
0.547503
0.513501
1.31921
0.00835413
0.243257
0.0173154
0.745092
1.16056
0.272175
-0.162383
0.320335
-0.0334077
-0.558972
-0.283734
-0.660856
-0.140605
-0.0184181
-0.155358
-0.72895
0.432291
0.191859
0.207496
0.355201
0.254029
-0.260546
-0.22711
-0.337869
-0.352076
-0.135937
0.104141
-0.0658314
0.249605
0.237366
-0.0795805
-0.102122
0.226774
0.66438
0.671611
-0.144957
-0.0352251
-0.0230121
-0.480064
-0.568933
-0.478342
-0.671256
-0.299149
-0.54159
-0.0677396
-0.129135
0.478757
-0.135373
0.182789
0.0570395
-0.476349
-0.241667
0.0195571
0.121701
0.312926
0.0268579
-0.526561
-0.469562
-0.0193516
0.412409
-0.300762
0.170506
-0.0772906
0.823365
0.522228
0.368717
0.616239
0.0616824
0.0381012
0.4926
-0.626988
-0.0407108
-0.194647
-0.152454
-0.131821
0.0129675
-0.0835043
0.734126
0.154582
0.0537827
-0.174167
0.226726
0.550781
0.148519
-0.176488
-0.0491625
-0.0592954
0.260996
0.161487
0.103131
0.422829
-0.109183
0.219238
0.32515
0.06812
-0.39206
-0.302191
-0.0338473
-0.124113
-0.0858064
-0.25835
-0.032913
-0.381883
-0.0496359
1.5785
0.556589
0.13525
-0.111547
0.311686
-0.386598
0.0952818
-0.0867897
-0.550717
0.373762
-0.0489385
-0.329665
-0.233139
-0.247286
-0.132658
-0.539074
0.0983092
-0.0649618
-0.407015
-0.331368
-0.0292701
0.535671
0.279422
0.233394
0.295866
0.00780535
-0.642499
-0.216608
0.965162
0.00848336
-0.0326964
-0.0608388
1.07573
0.969086
0.088248
0.106226
-0.197511
-0.183403
-0.299017
-0.303926
-0.062404
-0.115227
-0.0427621
-0.0551371
0.0093461
0.0285876
0.0929027
0.100425
0.172918
0.14084
-0.071879
-0.084502
1.23712
1.27437
0.0910612
-0.0943143
0.432386
0.438768
0.0651074
-0.242941
-0.00566164
0.123466
-0.107243
0.454083
0.15278
0.0166411
-0.0516705
1.31035
0.0894712
0.193728
0.103193
0.0927375
-0.0473237
0.125614
0.00298365
-0.340755
-0.259386
-0.0119115
0.149257
0.37352
-0.342569
-0.59298
-0.254477
-0.0165504
0.0692326
0.0711337
-0.159207
0.200774
0.223468
0.113718
-0.0504245
-0.00137021
-0.14254
0.115624
-0.193787
0.0942385
-0.10778
-0.242394
-0.164448
1.2028
-0.222736
-0.213074
-0.651593
0.0877522
-0.145292
0.336395
-0.318232
0.607157
0.90445
0.143303
0.212381
-0.153776
0.0013284
0.630525
-0.0688506
0.607443
-0.120836
-0.146233
-0.0861416
-0.0847372
-0.0682303
-0.112985
0.0390264
-0.17499
-0.360851
-0.274477
0.129802
-0.317149
-0.160779
-0.139214
-0.332758
0.143323
-0.416052
-0.453981
-0.0708097
-0.580683
-0.0134985
0.63984
0.631503
0.267325
-0.185804
0.417145
0.432846
-0.155259
0.419505
-0.210127
0.12967
-0.296301
0.080843
0.349062
-0.682448
0.0228317
0.750691
1.14085
-0.177731
0.023309
1.32521
0.275275
-0.286849
-0.259108
-0.00677216
-0.226575
0.0525514
0.140249
-0.687277
0.158152
-0.00899252
-0.60382
0.235388
-0.305303
-0.438037
-0.285581
0.282687
-0.362485
0.186839
-0.0423701
0.0920867
-0.0803698
-0.462502
-0.416722
-0.787094
-0.572989
0.169713
0.491772
0.68137
0.780923
0.121218
0.309585
0.150687
-0.0113537
-0.07271
-0.173633
0.188588
-0.300944
-0.395101
-0.395768
-0.086308
-0.0391596
-0.08276
-0.669233
-0.703779
-0.191381
-0.156386
-0.286001
-0.0671717
-0.204679
-0.00515609
-0.069338
0.0274271
0.149738
-0.0493979
-0.236398
-0.375082
-0.361254
-0.447291
-0.382811
-0.0784854
-0.00893425
-0.113564
0.0654968
0.921943
0.343145
0.11456
-0.263701
-0.0160783
-0.0969631
0.481135
0.445666
1.17848
-0.393957
-0.0176337
-0.113002
-0.161329
0.10478
-0.0788829
-0.196147
0.588428
-0.13936
-0.194317
0.0505843
-0.426466
-0.0267606
0.23138
0.215944
-0.17878
-0.266379
0.10389
-0.191975
-0.202348
-0.0566586
0.107837
0.152369
-0.121906
-0.680168
-0.151043
-0.272617
-0.248983
-0.318538
0.225187
-0.0539089
0.0625688
0.269513
0.559276
0.0306385
-0.160629
-0.403167
-0.0510229
-0.0762408
-0.151716
0.204149
0.486511
0.428389
0.142979
-0.338008
-0.460446
0.12746
-0.156548
0.125772
-0.548515
-0.653064
-0.118983
0.500792
-0.333803
0.0445444
-0.672404
0.143091
0.17327
0.324671
0.652481
-0.0594616
0.92993
0.142781
0.315029
-0.228115
-0.399135
-0.486308
-0.181364
0.45837
0.862077
0.0782068
0.286637
-0.12482
0.0114983
0.00194867
1.45062
1.25493
0.366073
0.0796087
-0.0877678
-0.145855
-0.148959
-0.00368759
-0.0731633
0.0455042
0.0555568
0.343779
-0.215506
0.0218979
0.0233636
0.524699
0.738368
-0.00746011
-0.337687
-0.103769
0.228019
0.214976
0.019734
0.00252625
0.0193338
-0.145153
0.510109
0.160535
0.282023
0.160335
-0.277297
-0.213096
-0.272351
0.263482
-0.605342
0.0465143
0.269521
-0.0736373
-0.0717111
0.85995
-0.146109
0.525233
-0.16493
-0.101928
-0.716651
-0.0730691
-0.151036
1.52358
0.129255
0.368771
-0.327372
0.119493
0.200791
-0.120856
-0.371649
-0.0315737
0.179834
-0.20339
-0.300662
-0.147351
-0.107946
0.269529
0.171605
0.195982
-0.450488
0.781682
0.300447
-0.304064
0.244688
0.0112632
0.0446725
-0.247945
-0.0224652
0.191403
-0.267572
-0.302522
-0.477909
-0.314411
-0.736934
0.264946
-0.159246
0.21797
0.463732
0.0777096
-0.223089
0.788185
-0.248154
-0.0751241
0.382689
-0.688577
-0.244164
-0.263879
-0.0836464
0.164947
0.313396
0.101035
-0.0210293
0.160103
0.0721237
-0.00110739
0.0667581
0.0192795
-0.580082
-0.0698611
0.771861
0.032604
0.284961
-0.657628
-0.111602
0.0440198
0.369163
0.228349
0.200075
0.202173
-0.173359
0.294328
-0.413683
0.491836
0.0526928
0.0642619
-0.228863
-0.0427544
-0.800292
0.223647
-0.2371
0.183618
0.594137
0.150027
-0.463469
0.3801
0.129552
0.0487724
-0.0846669
-0.142286
0.0764075
0.555818
-0.319518
0.687029
-0.383926
0.429621
0.398725
0.166454
-0.163139
0.232277
0.296383
-0.559171
0.973768
-0.287083
-0.209494
0.609524
0.0364294
0.00140308
-0.740739
0.0575765
0.237354
-0.120578
-0.194097
-0.038564
0.469731
-0.625524
0.0107268
-0.39119
-0.146615
0.155063
0.0390408
-0.391604
0.00599718
0.101386
-0.830834
-0.125017
0.0370168
-0.788377
0.346171
0.233038
0.32454
0.0625104
0.0483686
-0.130536
-0.666476
0.350175
0.506696
-0.0658217
0.182926
-0.012289
-0.268401
-0.182419
-0.332303
0.147132
0.708495
0.991551
0.112546
0.529417
-0.0178222
-0.17736
0.0203741
-0.380288
-0.334587
0.157052
0.0163858
0.193676
0.611286
0.46569
-0.281906
-0.283594
0.0994556
0.383669
0.036354
-0.739402
-0.382244
0.0481997
0.362556
1.15428
0.519029
-0.28938
-0.170279
-0.284602
0.0145822
0.197358
-0.0972205
0.174975
1.27334
0.153644
-0.612987
-0.0231217
-0.167028
0.391453
-0.325778
-0.079955
0.743214
-0.447862
0.154646
-0.57495
-0.296078
0.0378594
0.518572
-0.676364
-0.557986
0.0418463
0.27778
0.0630197
-0.0831831
-0.257904
-0.0750208
-0.162636
-0.0304235
-0.0253263
0.0746861
-0.156064
-0.011237
-0.337792
-0.396464
0.532559
0.33393
0.293483
0.483773
-0.847184
-0.332709
-0.0995564
-0.112494
-0.188811
0.0892656
0.209561
-0.355952
-0.778911
0.0993822
-0.179717
0.452899
-0.284704
-0.0407955
0.372803
0.210406
0.202557
-0.29156
0.290504
-0.198422
0.0967874
0.179357
-0.00287859
-0.0896735
0.352222
-0.64019
0.0694501
0.0126264
-0.0498185
1.34631
1.13304
-0.000559031
0.848955
0.0895374
-0.341106
-0.111457
-0.232039
-0.104145
-0.176959
-0.0272802
-0.0277947
-0.147491
-0.249547
-0.0464277
-0.470855
1.29061
0.147343
0.205355
0.117803
0.121578
0.27263
0.222072
0.00479977
-0.00657409
1.2245
0.723435
-0.0749852
0.304744
-0.0584951
-0.0677597
0.656151
-0.00862856
-0.0942787
0.183376
-0.0691975
0.363721
0.0177941
0.287881
-0.128206
-0.0188029
-0.0857695
-0.0676455
0.306722
-0.0915429
0.15111
0.106195
-0.0564319
0.0130572
-0.216411
0.330849
0.620019
0.502032
-0.480507
0.927605
0.620079
-0.318927
-0.286937
0.0334085
-0.146302
0.138525
-0.273451
-0.177343
0.0322486
0.051188
0.463877
-0.0795171
0.564252
0.348879
-0.183271
-0.206149
-0.0237958
-0.458216
-0.44556
-0.17383
-0.026221
0.0759555
0.213584
0.0454083
-0.0380933
0.058323
-0.103946
0.0346061
0.00198129
0.0139378
-0.175008
0.205132
0.393063
0.328013
-0.123501
-0.0694921
-0.424848
-0.07584
-0.361721
0.867821
-0.00500052
-0.628129
-0.572038
0.0826314
0.0230153
0.184486
-0.0494839
0.156628
-0.108314
-0.232461
1.31801
-0.218139
-0.129798
0.217804
0.0625658
0.830081
-0.0716158
0.320356
-0.826786
-0.272834
1.3017
0.414582
-0.00969551
0.58535
0.656244
-0.0571481
0.00831781
0.298256
-0.108629
-0.0994397
0.0950271
0.0890602
-0.222799
-0.12872
0.18029
0.261827
-0.0113612
0.0113856
0.192578
-0.258177
0.124372
-0.657464
0.0759923
-1.10886
-0.747082
-0.111264
-0.0857799
0.306544
0.658807
0.13354
-0.0595638
-0.680905
-0.08911
-0.359507
1.25513
0.0918729
0.0416169
-0.112058
-0.169997
0.0652482
1.15127
0.284765
-0.485306
-0.327311
-0.290337
-0.05466
-0.0148376
0.0979274
-0.204018
0.0532325
0.132606
-0.342828
-0.0805547
-0.217283
-0.4012
-0.619732
-0.701818
0.669015
1.04009
-0.0579804
-0.472386
0.129055
-0.233957
-0.486505
-0.149117
-0.223616
0.0169596
-0.304326
-0.269461
-0.121776
-0.478906
-0.436381
0.119286
0.255937
-0.531756
0.00411428
-0.194784
-0.0115847
0.0846479
0.375127
-1.03053
-0.0512279
0.203051
-0.200923
-0.222341
0.277473
0.166833
0.239003
-0.135459
-0.0604437
0.158184
0.0505922
-0.102192
-0.0494839
-0.0352438
-0.0229568
-0.0401046
0.00453046
-0.107615
0.0830858
0.596525
-0.74738
-0.468634
0.136349
-0.0320303
-0.366745
0.926688
0.0228916
-0.00720247
0.112679
0.129423
0.0140497
-0.13288
-0.0104561
0.0275532
-0.0753536
0.148956
-0.196929
0.450383
0.124895
0.0659764
-0.0451288
-0.0442057
0.058245
-0.357524
-0.19968
-0.11881
-0.575701
-0.592717
-0.0630661
-0.244423
0.174221
-0.20115
0.0521516
-0.00795207
-0.0756693
-0.272798
0.150121
-0.109911
-0.275448
-0.18497
1.42343
0.57801
0.549036
-0.203612
-0.425117
-0.148492
-0.0054986
-0.596542
-0.0131128
-0.0416756
0.0151213
-0.190409
-0.387531
0.0519641
-0.0322839
-0.211166
-0.25104
-0.281054
-0.213372
-0.580394
-0.254627
-0.491725
1.39514
0.243044
-0.21169
-0.0793866
-0.0390904
0.174678
0.382095
0.398403
0.128135
-0.451298
0.0593772
-0.134275
-0.267289
-0.206766
0.0667888
0.119052
0.133576
0.207629
-0.271871
0.130104
0.564414
0.227815
-0.142025
-0.159672
0.917922
0.455294
-0.173858
-0.249566
-0.210578
-0.36866
-0.0662302
-0.0273452
1.44675
0.0707368
0.0856507
0.103515
0.454401
0.534924
0.000335973
-0.398377
-0.130036
-0.600726
0.823683
0.102382
0.15691
1.22935
-0.298854
-0.0454718
-0.225742
-0.239179
-0.182792
-0.535807
-0.286955
-0.262758
0.586283
0.202693
0.0805719
-0.00965914
-0.519994
-0.289025
-0.234748
-0.213914
0.255048
0.311739
-0.55758
0.28392
0.337264
0.464009
-0.243804
-0.255595
-0.0287817
-0.166971
0.589218
0.187904
0.493006
0.202967
0.208781
0.110703
0.585072
0.31404
-0.192405
-0.11204
0.121834
-0.098917
-0.389095
-0.00821094
0.183293
-0.0770326
-0.015963
0.0143554
0.12473
0.256335
0.890013
0.123712
-0.176029
-0.109427
-0.724789
-0.211389
-0.228785
-0.0766138
0.405664
0.284979
0.70066
-0.0331822
-0.0435514
-0.103517
-0.0663764
-0.731525
-0.407408
0.172711
0.213997
0.785033
0.0127397
1.09899
-0.21399
-0.822181
0.065783
-0.396496
-0.212755
-0.361567
0.0926171
-0.110752
0.0495099
0.174583
0.265233
-0.0941616
0.0625903
-0.0029201
-0.118092
-0.0341085
0.0198666
-0.356635
-0.138277
-0.692419
-0.194449
-0.270931
-0.311345
0.281129
0.239723
-0.212407
0.508294
0.186126
0.0676722
0.038746
-0.411613
-0.0634859
-0.583226
-0.288392
-0.330484
0.0388885
-0.0253462
0.00528536
-0.37468
-0.360156
-0.293808
-0.258469
-0.116702
0.201268
-0.0893774
-0.592415
0.192165
-0.212366
0.531253
0.528727
-0.0208641
-0.177223
-0.105497
0.070068
0.306875
0.137485
0.193728
0.116728
0.11815
0.162463
0.374198
0.0702701
0.368362
-0.620298
0.699977
-0.314754
0.194178
-0.138928
-0.296113
0.24359
1.49318
-0.0775701
-0.400689
0.0260528
-0.349481
-0.296682
-0.310912
-0.106827
-0.0314119
-0.276743
-0.306058
-0.591669
0.0388741
0.243697
-0.0391409
-0.0377278
-0.280819
-0.0527519
-0.133295
-0.18004
-0.192763
-0.0660833
-0.00223457
-0.198122
-0.34455
-0.188735
-0.738052
-0.287051
-0.583327
0.249293
0.241346
-0.336827
0.253543
0.133707
0.283813
-0.146907
-0.209566
-0.0301367
-0.164107
0.0491494
0.666633
-0.470054
-0.0797118
-0.26284
-0.479228
0.233691
0.197099
-0.00582907
0.572522
1.29313
1.24603
0.601541
0.385665
-0.225041
0.247593
-0.153033
-0.0725381
-0.148046
0.226442
-0.475043
-0.125541
-0.0558297
0.143024
0.293598
0.170846
-0.487134
-0.202297
-0.269426
-0.133954
-0.499178
-0.271454
-0.210078
0.0228666
-0.230282
-0.0373274
0.0782751
0.319246
-0.46525
-0.291062
0.0436893
-0.156354
0.138037
-0.00125041
-0.940154
0.139168
-0.124377
-0.241046
-1.01685
-0.451538
-0.656577
-0.279776
-0.0429738
-0.0205263
-0.101391
0.57609
0.17883
-0.259612
0.425384
-0.122075
0.160493
-0.541414
-0.472384
0.0575741
-0.194244
0.415497
-0.00810011
0.139724
-0.208219
-0.212194
0.201163
-0.076087
-0.265156
-0.311056
-0.0428687
0.0505739
-0.0520156
-0.496491
0.0813565
0.134754
-0.530021
0.681824
-0.496287
-0.0824338
-0.0155904
-0.000795272
-0.0484747
0.81825
-0.106214
-0.456453
0.317156
-1.02442
-0.106789
-0.327
-0.843386
0.386441
-0.0486706
0.189546
0.68403
0.27844
0.161228
0.0917827
0.228394
-0.356059
0.751483
-0.137173
-0.504822
-0.34282
-0.0662251
-0.261494
-0.281703
-0.412938
-0.315498
-1.11658
-0.0523413
-0.146578
-0.593126
-0.0371127
-0.213674
-0.0676434
-0.0688467
-0.119066
-0.0855492
0.0677453
0.0352604
0.0399084
0.861621
1.36354
1.27301
0.437578
0.757555
0.78103
0.0910196
0.0792697
-0.112933
-0.0171802
0.211934
0.128124
-0.417663
-0.267728
0.653105
0.349239
-0.518099
-0.223803
-0.212695
0.522062
0.0624327
-0.212113
0.163425
0.0566356
-0.289677
-0.487121
-0.469959
0.0924753
0.0131594
0.192091
-0.0458055
-0.0937539
0.101177
-0.0261673
-0.0593054
-0.377354
-0.592122
-0.210464
0.421228
0.167757
0.217464
0.398782
0.832701
0.107414
-0.145653
0.389871
0.363375
0.00343953
0.312885
1.48758
0.0663278
0.252587
0.594076
0.164696
-0.110138
-0.529118
-0.409394
-0.00518325
-0.533416
-0.455873
0.0118745
-0.495926
0.26084
0.21585
0.00945858
0.0505103
-0.00375007
-0.0830835
-0.0823331
0.298177
0.184327
0.122016
-0.0608145
-0.184331
-0.174029
-0.0576228
-0.262158
-0.100052
0.0114202
-0.222741
0.0151678
-0.21412
0.314947
-0.220599
0.762916
0.365684
-0.0317117
-0.70486
0.298537
0.0579749
-0.351092
-0.368207
-0.29383
-0.995659
1.13035
-0.0856484
0.75703
0.0892192
0.281416
0.0753997
0.58838
0.00797596
0.465635
-0.180636
-0.624418
-0.11909
-0.0752535
-0.120099
0.0291718
0.217575
0.0332841
-0.278327
-0.482254
-0.123472
-0.254414
-0.1587
-0.0620328
0.0719223
0.212475
-0.498128
0.146368
0.00248585
0.031144
0.0178266
-0.384276
-0.113138
-0.246799
0.020222
-0.0501505
-0.132875
0.00287694
-0.0677285
-0.705213
-0.0875544
0.04847
0.123339
1.16615
1.70501
-8.51732e-05
0.258612
0.273567
-0.138475
0.429655
-0.512235
-0.121064
-0.092708
-0.462375
-0.103738
0.095375
-0.07843
-0.310498
-0.0779575
-0.598286
-0.0480194
-0.156988
-0.109692
0.0421771
0.251453
0.505522
-0.017274
-0.261064
-0.268454
-0.0778648
-0.173949
-0.0238751
-0.317954
-0.282838
-0.303169
0.360797
-0.144941
0.0130618
-0.0397798
-0.449559
-0.00789155
0.0334703
-0.0433262
0.303595
-0.0609886
0.259152
0.120034
0.182443
-0.204758
-0.173983
-0.161387
0.0811873
-0.0941345
-0.129782
-0.72797
-0.0118888
-0.271007
-0.316505
-0.146332
-0.171559
-0.396658
-0.0340416
0.016435
-0.505167
-0.388562
-0.0579486
0.330379
0.0161715
0.12856
0.691132
-0.417907
-0.160496
0.164515
0.0603302
-0.435084
0.162687
0.0812478
-0.13658
-0.587031
-0.139178
-0.406604
0.366767
-0.288884
-0.309201
0.0283206
-0.228269
0.00752375
0.0243852
-0.181242
-0.265679
-0.0169981
-0.0466478
0.249542
-0.0865316
-0.0973313
-0.409293
-0.426547
-0.341808
-0.0620652
-0.325614
-0.134855
0.364055
-0.196149
-0.183165
-0.0909873
0.107412
0.450923
0.181677
-0.218684
0.181103
0.598466
-0.152987
0.201403
0.140294
0.577742
1.37361
-0.0416085
0.0633265
0.462272
0.517652
0.221158
0.0402198
-0.120768
-0.29703
0.164492
0.0584527
-0.152465
-0.255152
0.172926
-0.266052
-0.370016
0.00675612
-0.538601
0.234908
-0.105973
-0.029202
-0.134158
0.153868
0.378305
-0.376419
-0.346486
-0.0729242
0.863986
0.412574
0.866349
0.94989
0.44191
0.02455
0.320163
0.654961
-0.158968
-0.0550627
-0.237578
-0.210428
-0.0962248
-0.232278
0.277426
0.0157368
0.9516
0.324926
-0.0342915
-0.293641
-0.479646
0.0576799
0.482233
0.418563
-0.982578
-0.327906
0.250419
0.445295
0.250312
-0.0363441
-0.0883111
0.179358
0.295618
0.0324537
1.61987
1.19214
-0.139934
-0.116362
0.109127
-0.0315076
-0.287127
-0.0268975
-0.0320953
-0.380202
-0.0675963
-0.410231
-0.538684
-0.263191
0.0296225
-0.0793189
0.129736
-0.0408179
0.727123
-0.712294
-0.0683583
0.0623268
-0.144073
0.105364
0.968963
-0.234276
0.137521
-0.0202836
-0.0628544
-0.0847419
-0.253139
-0.0474442
-0.375418
0.0366728
0.0504856
-0.0269039
-0.0514437
0.210637
-0.115217
0.0037473
-0.113761
-0.379824
-0.0964167
0.119627
-0.551116
0.0715521
-0.37265
-0.118734
-0.21005
-0.034358
-0.158734
-0.332684
-0.1531
-0.821137
-0.16678
-0.0310522
-0.131127
-0.31807
-0.072269
0.533142
0.379055
0.122857
-0.125534
-0.326707
-0.0938708
0.00998266
1.00485
0.348166
-0.101794
-0.537862
-0.53386
-0.0681271
0.645037
0.162214
-0.0960092
-0.358722
-0.00826036
-0.123538
-0.361483
-0.0025808
0.704715
-0.207626
0.0130262
0.337844
0.0918916
0.118523
-0.487238
-0.614231
-0.220768
-0.155727
0.167851
-0.497325
0.946638
0.00243128
0.025963
0.12837
-0.0218755
-0.0579681
-0.165915
-0.276621
0.1593
0.0357189
0.166199
-0.0613295
-0.51895
-0.162009
0.520069
1.12248
0.159828
0.310527
0.194378
-0.329723
0.19617
-0.145845
-0.255558
-0.0638587
0.25636
-0.252653
-0.346438
-0.112428
-0.0910464
-0.427081
-0.245665
-0.141667
0.143076
-0.208712
0.161431
-0.11415
-0.174528
-0.201746
-0.19821
-0.165364
0.0167188
1.18733
-0.393183
-0.547075
-0.150457
0.286703
0.27342
-0.107577
0.381244
0.0706204
-0.190805
-0.334971
-0.148989
0.472726
0.892144
0.272845
0.351472
-0.0785962
-0.382109
0.213488
0.212381
0.015199
-0.186834
0.514224
-0.533445
-0.463773
-0.187629
0.232863
-0.0745306
0.143228
-0.0826835
-0.19633
-0.256272
0.484809
0.61818
-0.62569
-0.322984
-0.217408
-0.419951
-0.352154
-0.124903
0.790982
0.153715
0.0565196
-0.312733
-0.347283
1.03526
-0.0312458
0.495298
0.289619
-0.34102
-0.0528522
0.287516
-0.0441291
0.119897
-0.0796842
-0.109647
-0.0264756
-0.436085
-0.159208
0.0159367
1.13167
-0.0353014
0.409734
-0.354113
0.0744715
-0.115417
-0.111069
0.158793
-0.239494
-0.318721
-0.114623
0.445386
0.467535
0.112731
-0.290902
0.0559789
0.289068
0.282476
0.0318483
-0.318401
-0.278289
-0.091849
0.530679
-0.0493083
-0.248886
-0.42269
0.0655153
-0.107512
0.133206
-0.047543
-0.225661
1.24529
-0.0549195
-0.0875121
0.114276
0.265087
-0.175108
-0.507632
0.00832843
-0.259734
0.0971064
-0.175005
-0.251618
0.130095
-0.266492
0.199045
0.467653
0.262872
-0.0885656
-0.198615
-0.00946795
-0.0409018
-0.128116
0.186357
-0.150788
-0.100575
0.0510315
-0.0541594
-0.0083036
0.260586
0.273518
0.139828
-0.00946792
0.291849
0.111719
0.334221
0.255628
0.0392061
0.239024
-0.0186113
0.101136
0.180467
-0.203851
-0.253587
0.0925749
0.566984
0.0781195
0.611491
0.621062
0.587473
0.103901
0.162939
-0.244626
-0.297772
-0.0354591
-0.134265
0.187797
0.0604612
-0.509584
-0.127245
0.00454803
0.0506551
0.0886518
0.128556
0.0714421
-0.272398
-0.303167
-0.145185
0.159482
1.34948
1.58484
-0.100445
-0.132857
-0.113401
0.342147
0.0823762
0.341248
-0.336929
-0.198258
0.121159
-0.000528473
-0.253304
0.237383
-0.858318
0.0602942
-0.527071
0.0845773
-0.108194
0.267602
-0.298011
0.329834
-0.486391
-0.115258
-0.0105426
-0.251984
0.0609897
-0.00488906
-0.546856
-0.547661
0.477836
-0.117833
-0.0692905
0.0934545
0.284817
0.128508
0.634543
0.164801
0.170272
0.270545
-0.00523253
-0.67452
-0.522038
-0.0762995
-0.584551
-0.340582
0.319876
0.225821
-0.123625
0.0346977
0.329041
0.385157
0.273564
-0.0790417
0.610279
-0.21496
-0.073935
-0.159582
-0.058697
0.195141
-0.27347
0.201508
0.175522
-0.488012
0.202493
-0.137553
0.359396
0.283789
1.50414
-0.755529
-0.849106
-0.342332
-0.507335
-0.190405
-0.303697
-0.0173326
-0.123791
0.171223
-0.322595
0.132717
-0.236518
-0.0736608
0.0379113
0.274518
-0.104935
-0.0194248
-0.0411615
-0.255587
-0.26025
0.109955
-0.153061
-0.221836
-0.508582
0.507624
0.159805
-0.042826
0.130612
-0.0741319
-0.582111
0.291309
-0.320302
0.0153123
0.214437
-0.44488
-0.606033
-0.222228
-0.661662
-0.520184
0.530292
0.358674
-0.250594
0.207526
-0.0180545
0.0110235
-0.0695338
0.342738
-0.535718
0.488959
0.266489
0.279086
-0.459863
-0.815824
1.2229
0.134065
0.49189
-0.0205406
-0.234933
-0.957994
-0.173827
-0.787898
-0.289316
-0.104952
0.0122414
-0.808649
-0.748971
0.235604
-0.145307
0.142786
0.221452
-0.755808
0.289613
0.197314
-0.0264109
0.0225013
-0.128129
-0.0380363
0.150627
-0.04248
-0.163383
0.20562
-0.448681
-0.5299
-0.506445
-0.365136
-0.14253
-0.241792
-0.0181915
-0.173491
0.308539
-0.475503
0.241799
0.17235
0.132749
-0.095943
0.0384973
0.01511
-0.0908808
-0.0469943
-0.352095
-0.0835217
-0.312027
-0.142517
0.428362
0.432071
0.689098
-0.702635
0.138103
0.0678356
0.143005
-0.162951
0.0858854
0.430145
-0.00812683
0.086915
-0.321363
0.198456
0.0176168
-0.0890456
-0.0526959
-0.0340343
-0.0465528
-0.223358
0.0809423
0.163385
-0.415202
-1.01825
-0.0669639
-0.168161
0.0624191
-0.106227
0.0329673
-0.195421
-0.255621
0.167563
0.351308
0.231692
-0.604428
-0.562146
0.290012
-0.0986741
-0.0649476
0.032846
0.18859
-0.205025
-0.15837
-0.167878
-0.0527761
0.337466
-0.0170304
-0.0544524
-0.0380407
0.0398834
-0.0962944
1.10685
0.457795
0.166623
0.10805
-0.443236
-0.330153
-0.0818632
0.251536
-0.145819
-0.572635
-0.313506
-0.29278
0.253687
-0.164133
0.000361166
-0.102995
-0.131454
-0.236931
-0.0600312
-0.0751951
0.226424
-0.142193
0.139556
-0.645491
-0.142405
0.349019
-0.27257
-0.34652
0.202635
-0.249323
-0.331038
0.140084
0.0131083
-0.0465447
-0.265719
-0.26022
-0.216567
-0.334651
-0.405134
-0.385704
0.230013
-0.221827
-0.550196
-0.544554
-0.46305
0.151589
-0.146012
-0.0173884
-0.225631
0.321748
0.245677
0.145347
-0.0510694
0.305329
-0.525845
0.129148
0.00578354
0.0600107
-0.566415
-0.391673
-0.10457
0.375663
0.962999
0.561805
-0.138373
-0.0781838
-0.212772
-0.294985
-0.344384
0.293352
0.585466
0.00867228
0.100852
0.559433
0.115471
0.306063
-0.122794
-0.0872726
-0.15275
-0.363352
0.180904
0.462273
0.967504
-0.0954327
-0.556572
-0.155561
-0.860257
-0.0776259
-0.560316
-0.14663
0.231143
-0.107577
0.0868619
0.299955
-0.00349027
-0.0200132
-0.435168
-0.0899404
-0.133047
-0.109675
0.315526
0.269148
-0.0516776
0.0912479
0.248156
-0.148912
0.0476413
0.128242
-0.779631
-0.129069
-0.392835
0.27738
-0.296225
-0.148488
-0.0651122
0.37396
-0.167167
0.185874
-0.111426
-0.414835
0.567623
0.202207
-0.159197
0.0626552
0.0768742
0.236188
0.0345151
-0.0545061
-0.286095
0.458798
-0.2382
-0.0143731
-0.510497
-0.165222
0.0770848
-0.769479
-0.128434
0.0106237
-0.335391
-0.0286638
-0.0882581
0.320897
-0.219315
-0.501876
-0.255896
-0.0611443
-0.273867
-0.280879
0.653374
0.208134
-0.207969
-0.127172
0.156754
-0.250873
-0.0855909
-0.319389
-0.2596
-0.251835
-0.0415725
-0.00258249
-0.161701
-0.0395557
-0.0913575
-0.0338828
-0.303469
0.00717262
0.121714
0.0365906
0.695189
-0.288179
-0.166334
-0.135698
-0.12566
0.218706
0.1332
0.60539
0.169987
-0.0938062
0.0206242
-0.0274399
-0.0760237
-0.235319
-0.74121
-0.338644
0.113984
-0.200054
-0.863308
-0.287787
-0.382613
0.275193
0.035794
-0.230283
-0.0821038
-0.16716
-0.381417
0.0951893
0.297706
0.487963
-0.124111
0.0818087
-0.180392
0.222752
0.271093
0.0604233
-0.0867892
-0.167274
-0.182273
-0.468655
-0.206859
0.00385876
0.114009
0.456411
-0.00389242
0.0344423
0.284187
0.118777
-0.207539
-0.35568
0.111087
-0.0789178
-0.0885346
-0.163798
0.856002
-0.324479
-0.253723
-0.270612
-0.223476
0.595311
0.00546587
0.0538537
-0.312146
0.949958
-0.0561235
-0.477132
0.746258
-0.074071
0.0838423
-0.242336
0.0384237
0.239294
0.103771
0.113174
-0.120259
-0.24035
0.00398298
0.0731943
0.0871102
0.698565
0.702918
0.343769
0.081045
0.0949601
-0.571613
-0.0555213
-0.155773
-0.492182
-0.207145
0.00624063
-0.0101747
0.074303
0.292973
0.0828869
-0.233286
-0.155349
-0.228217
0.210336
-0.0781403
0.313952
0.200217
0.573783
-0.443294
0.0596436
0.247979
0.259515
0.109568
-0.00933593
-0.0884814
-0.623145
-0.6373
-1.2159
-1.0869
0.175537
0.133599
-0.439362
0.360313
-0.0525953
-0.377938
-0.23193
-0.105966
-0.30072
-0.495977
-0.783609
-0.0943512
0.097389
0.2604
0.107852
-0.0171861
0.00117957
0.266186
-0.453659
-0.152855
-0.533156
-0.122819
0.325265
0.362355
0.0508779
-0.274865
-0.0951045
-0.355463
-0.266084
0.00911033
-0.0532083
-0.690047
-0.180139
-0.206346
0.041325
0.914548
0.490509
-0.266204
-0.0719134
-0.640349
-0.195034
0.0710833
0.470649
0.0303386
-0.508015
-0.196075
0.298237
0.327417
0.386321
0.0767886
0.0317307
-0.087112
0.0541181
0.113751
0.319076
0.170822
-0.209178
0.180877
-0.216102
-0.455281
0.292104
-0.249986
-0.184876
-0.464183
-0.650763
0.188343
0.168544
0.538184
0.115033
0.177827
0.25405
0.112727
0.162155
0.555659
0.061354
0.3272
1.13491
-0.135187
0.375713
0.0342618
0.271928
0.338763
-0.0545518
-0.617157
-1.05471
-0.179941
-0.0791469
-0.484103
-0.244454
-0.0948264
0.762548
-0.00925127
-0.434811
-0.188918
-0.0505805
-0.405219
-0.0483207
-0.152318
-0.137588
-0.181633
0.161468
-0.0438005
0.489615
-0.0402923
0.525361
0.521
-0.0554362
-0.0580733
0.404527
-0.138591
-0.0617877
0.0273916
0.269313
0.208925
-0.326513
-0.19887
-0.162876
-0.444713
-0.144102
0.0596655
-0.188764
0.00558001
-0.172704
-0.397096
-0.322763
0.0405198
-0.0301617
-0.0484089
-0.526169
0.0786608
-0.170712
-0.547931
-0.353284
-0.0868074
-0.536971
-0.426074
-0.612337
-0.192112
-0.171515
0.28898
-0.114088
-0.358139
-0.586849
-0.062039
0.299564
0.0487852
-0.404179
0.361291
0.140151
-0.059542
-1.18177
0.76749
-0.804001
-0.473237
-0.441827
-0.138027
-0.189924
-0.228765
-0.240658
-0.156127
-0.0226566
0.0113931
0.0686222
-0.187369
-0.106414
0.897482
1.24445
0.603056
0.382177
0.991528
0.136747
0.0584973
-0.442996
-0.358049
-0.205964
-0.339437
1.18312
0.164748
-0.737203
-0.180428
-0.0435547
-0.0376145
0.393214
0.961001
-0.101934
0.483302
0.511258
-0.516009
-0.423256
0.089922
0.105487
-0.0910687
0.107845
-0.0637709
0.497274
-0.291681
-0.215916
-0.0600243
0.132771
-0.123328
0.266649
0.379622
0.39415
-0.109844
-0.18513
-0.433389
-0.0216495
-0.353459
-0.378945
-0.0969486
-0.112189
-0.0762183
-0.113045
-0.600801
-0.693031
-0.312758
-0.0114926
-0.0221157
0.358742
-0.0355335
-0.0360945
-0.694982
-0.736477
1.32355
1.3018
0.0523759
0.205692
0.0189714
0.0476064
-0.236341
-0.201096
0.0271688
-0.408847
0.0579171
-0.48437
-0.347227
-0.033768
0.19361
0.10938
0.319751
0.0558644
0.207512
0.236372
0.0528345
-0.0165881
0.0380717
-0.403228
-0.0510709
-0.126438
-0.137848
-0.368219
-0.0998552
-0.161234
-0.580776
-0.264054
0.147959
0.720634
1.06083
0.0905084
0.242001
0.120192
-0.0063292
0.377917
-0.38151
0.032195
-0.0615373
-0.23069
0.152223
0.193592
0.150939
-0.153461
0.259976
-0.485002
-0.230395
1.35578
0.252521
0.0171882
0.0791682
-0.250792
0.198959
0.0831693
0.212299
-0.157738
-0.492969
-0.332274
-0.264802
-0.0309083
-0.0462773
-1.01081
1.31454
-0.0809775
-0.218121
-0.598615
1.15187
0.405528
-0.283804
-0.436848
-0.305649
0.445481
0.00666007
-0.749245
0.0778279
-0.790307
0.115112
-0.225505
-0.473774
-0.526776
-0.155858
-0.330898
-0.277876
-0.237722
-0.166496
-0.0678709
-0.382999
-0.212685
-0.111574
0.523553
-0.0907012
-0.233395
-0.781446
-0.803289
-0.277629
-0.204781
-0.434965
-0.14455
-0.0446485
0.295813
0.00810333
0.568898
0.168463
0.15063
-0.172612
0.108247
-0.70018
-0.53439
-0.122636
0.0985451
0.356174
0.140254
0.183419
0.807447
-0.0120301
-0.147043
0.670149
-0.108982
0.0748457
0.64232
0.0869248
-0.037302
-0.147636
0.0766012
-0.244129
-0.106887
-0.635555
0.1806
0.0622853
0.299545
0.0195933
0.0551678
0.439525
-0.272971
-0.178346
-0.0774952
-0.167675
-0.454366
-0.312507
-0.104614
-0.082868
-0.0538222
0.0959825
0.210562
0.489329
0.069195
-0.523467
-0.215366
-0.0587142
0.587411
0.0368702
-0.963142
0.134547
-0.798227
0.00783326
0.0920304
-0.242204
-0.136307
-0.0133735
-0.571717
-0.314781
-0.3286
-0.122772
-0.234172
-0.121109
-0.196803
0.00233716
-0.60701
0.333865
0.0495535
-0.767821
0.147685
-0.0906912
-0.0880456
-0.0899606
-0.139027
-0.099104
-0.148086
-0.0599358
0.0549594
-0.0725235
-0.0711505
-0.103033
0.0151003
-0.50499
-0.140987
-0.0335868
0.201318
-0.294945
-0.512627
-0.314782
-0.310374
-0.229598
-0.685664
0.120582
0.146623
-0.15192
-0.323719
0.877454
0.0409985
0.0199613
0.157659
-0.247258
0.382305
-0.32379
-0.26474
-0.0999695
0.140628
-0.0129519
-0.081311
0.285624
0.0787282
-0.821879
-0.45167
-0.384044
0.446397
0.0780777
0.389147
0.044468
0.19891
0.0943332
0.786839
-0.000477289
-0.161812
-0.414978
0.385361
-0.362651
0.12168
-0.260616
-0.572852
-0.193163
0.460663
0.515549
0.566623
0.231322
-0.122646
0.0631246
0.0475116
0.208136
0.249651
0.26279
0.356491
0.920389
0.891404
0.124832
-0.182882
0.119778
-0.464895
-0.154326
-0.555552
1.10879
0.0482421
-0.0881051
-0.337366
0.0477711
-0.218068
-0.0374623
-0.229162
-0.166247
0.598169
0.486944
-0.424409
-0.580325
0.19791
-1.12631
0.6837
0.621867
0.586525
0.41426
0.517953
-0.0668513
0.642929
-0.216712
-0.23588
-0.419177
-0.346661
-0.0740309
0.0129857
-0.118697
-0.0223414
1.45783
-0.040158
0.858146
0.468923
0.246935
0.0637483
-0.148198
-0.358717
0.112526
0.25374
0.78609
0.702918
0.0668099
-0.342079
-0.311244
-0.222838
-0.0675759
-0.13318
-0.0254638
0.118895
0.130532
-0.255999
0.459033
-0.461623
-0.16437
0.296308
-0.180552
0.731987
-0.155276
0.309133
-0.319395
-0.278147
-0.230665
0.0174969
-0.169863
-0.198137
0.276109
-0.769598
-0.0423602
-0.0498966
-0.285875
0.32351
0.0319814
-0.130205
1.273
1.40365
-0.277735
-0.149314
0.474486
0.755323
0.369146
1.20945
0.0666605
0.244243
0.0888186
-0.0664807
0.127474
-0.1018
-0.0241521
-0.128616
-0.241873
0.503176
-0.583389
0.253069
0.238166
-0.526393
0.677436
-0.176576
-0.391486
-0.374071
-0.426491
0.147328
0.00975826
-0.353637
-0.275069
-0.308898
-0.571442
-0.55612
1.44989
-0.142287
1.37774
-0.509321
0.254089
0.191838
-0.204966
-0.240194
-0.258792
-0.399478
-0.109615
-0.0897105
-0.0354508
-0.406701
0.128029
-0.108321
-0.136717
-0.119635
-0.891008
0.074069
0.125702
-0.332417
0.079766
0.196693
-0.13493
-0.108321
-0.595595
0.827889
-0.202112
-0.228392
0.351438
0.700512
0.431848
-0.0384316
-0.0991936
0.349809
-1.02177
0.0328211
-0.0055832
0.476175
-0.0960617
-0.115838
0.248611
0.0814333
-0.0535938
-0.0818418
0.381526
-0.590994
-0.552167
-0.433498
-0.473379
-0.766903
0.597041
0.706387
-0.153259
-0.0092682
-0.0315822
0.0721415
0.172313
-0.0656723
-0.159865
-0.31264
-0.189984
0.226709
-0.27451
-0.109692
0.445715
0.455379
-0.400409
-0.596124
-0.243069
-0.227388
-0.271505
-0.686907
-0.21733
0.0517871
-0.273753
-0.184114
0.00356438
-0.555813
-0.0638011
-0.337185
0.0159968
0.181372
-0.287339
-0.00531345
-0.201913
-0.517109
-0.583176
0.319263
0.197719
-0.380853
-0.11828
-0.286052
-0.248964
-0.188525
-0.0598566
0.758316
0.0213558
0.176867
-0.855078
-0.312158
0.0768596
0.329806
0.812013
0.41584
0.128596
-0.65308
-0.254318
0.362004
0.215396
-0.0867892
-0.145265
-0.0435063
0.131252
-0.0359877
0.120738
0.102552
0.226307
-0.280487
0.194412
0.0133507
-5.04547e-05
0.0554877
0.0590584
0.0303783
0.0138365
0.295509
-0.113182
-0.0700028
-0.366658
-0.301801
-0.226364
-0.0687607
-0.484351
-0.0777943
-0.0626786
-0.205763
-0.232469
-0.0141435
-0.151583
-0.0541476
-0.115885
0.00687843
0.127175
0.182814
-0.131679
0.164868
0.230687
-0.400556
-0.0293628
-0.00192383
-0.0432655
0.218462
0.715609
1.00125
0.159366
-0.358228
-0.821765
-0.151705
0.425023
0.607165
0.0982053
-0.152322
0.122352
0.687915
-0.278207
-0.109863
0.16737
0.265569
0.599023
-0.48583
0.240205
-0.0642738
0.0971139
0.364654
0.244582
0.315673
0.54992
-0.804806
0.225255
0.879938
0.784518
-0.175937
0.0063659
-0.354481
-0.189761
0.17797
-0.355148
-0.0537656
-0.0974167
0.144189
-0.247109
-0.552341
-0.105701
0.0110221
-0.254721
0.23529
0.0200464
-0.0350668
-0.354043
0.382201
0.540271
0.664044
0.13871
-0.479153
-0.0298851
-0.0536064
0.445064
0.404865
0.135805
-0.640493
0.160735
0.334063
-0.00640953
0.335869
0.248305
-0.249963
-0.291819
-0.0186723
0.276213
-0.0788941
0.124053
-0.0371724
-0.0749925
-0.215199
-0.635009
-0.12957
-0.129909
-0.315127
1.16909
-0.0765966
-0.0939602
-0.139324
-0.455051
0.330557
-0.264417
0.116205
-0.466605
-0.0878446
0.190441
-0.530956
0.0531267
1.42261
0.235167
0.206349
-0.0715729
-0.0765229
-0.203461
-0.424171
-0.296224
0.0504441
-0.321469
-0.343741
0.254368
-0.231987
-0.388792
-0.0131219
1.28384
0.258007
0.0186553
-0.246119
-0.478797
0.129142
-0.0123308
-0.318616
0.134262
-0.169891
-0.531138
0.0514773
-0.193154
0.110658
-0.43396
0.18004
0.0232161
-0.188496
-0.422076
-0.07533
-0.239176
-0.634326
-0.267572
-0.174527
-0.0373791
-0.187319
-0.056476
-0.150498
0.0551108
0.608732
-0.238505
-0.215787
-0.365917
-0.287132
0.181161
0.23755
0.618714
-0.142583
-0.83576
-0.106378
0.057737
-0.246029
-0.221473
0.216792
-0.0493446
-0.0945251
0.269189
-0.100079
-0.231736
0.367585
0.455019
0.177098
0.233613
-0.238311
0.56259
-0.123559
0.096778
0.23969
-0.0548239
0.0967421
-0.336545
-0.41299
-0.182669
-0.569536
-0.00106662
-0.120182
-0.060636
-0.590267
-0.682123
0.172583
0.271798
-0.0925082
0.112479
-0.0654843
-0.13587
0.354788
-0.0421403
-0.0556575
-0.143821
-0.748051
-0.21548
0.0218475
0.0896432
-0.100571
-0.179441
-0.205613
-0.20698
-0.0516377
-0.069281
0.547842
0.475256
0.293392
-0.0586259
0.026891
0.244418
0.0270605
-0.387407
0.899469
0.126272
0.611497
-0.064922
0.155989
0.260163
-0.645403
0.149646
1.28282
0.415068
0.243548
-0.492994
-0.0268808
-0.17973
0.167662
-0.100062
-0.0912193
0.629437
-0.0286552
0.13409
0.760311
0.691264
-0.106211
-0.164493
-0.289392
0.0896231
0.064853
0.104809
0.0766062
-0.316449
-0.0295754
-0.171995
-0.0194486
-0.0314067
-0.32779
-0.0661557
0.189335
-0.333741
-0.0501444
-0.20134
-0.238393
0.013958
-0.158939
0.566986
-0.0876039
0.0375415
-0.151029
-0.0463117
0.0270595
-0.281146
-0.157029
-0.469437
-0.333863
0.750723
0.136563
0.229044
-0.164701
1.03488
-0.0996446
-0.0511798
0.0923679
-0.293071
0.293643
-0.351445
0.0893736
0.147411
1.08824
-0.542635
0.158354
-0.279954
-0.0586122
0.299442
-0.61016
0.44659
-0.0489765
-0.169507
-0.173528
-0.0328908
-0.0577988
-0.166092
-0.354123
0.0661481
0.419212
-0.457632
-0.70135
-0.286306
-0.0933114
-0.236062
0.185577
-0.249117
-0.0375685
0.198779
-0.33558
0.0891886
-0.244725
-0.427961
0.199194
0.854049
0.385449
0.234882
0.0324733
-0.104544
-0.221945
-0.490243
-0.358718
0.206325
0.0230072
-0.608628
0.442166
-0.0556489
-0.256832
-0.358587
0.381306
-0.624515
-0.439538
0.348711
0.605657
-0.172274
-0.358345
-0.107134
-0.238805
0.26005
-0.422757
-0.0411824
-0.221216
0.0398349
-0.161089
-0.103589
-0.247319
-0.158501
-0.268019
0.234018
-0.54231
0.799657
0.196525
-0.209867
-0.0382488
0.16571
-0.463123
-0.0578454
-0.0354036
0.255541
-0.149543
-0.0832416
-0.301623
0.248832
-0.253652
-0.19741
-0.0717823
-0.452455
-0.208927
0.0107668
-0.121144
-0.753295
0.101564
0.152897
0.0637483
0.310454
-0.553973
-0.372137
-0.163032
-0.388672
-0.218282
-1.06263
0.427702
-0.375035
-0.342456
-0.459962
-0.130686
-0.0249255
-0.0723358
0.674272
0.0931102
-0.401597
-0.609145
0.126788
-0.395471
-0.387595
-0.107028
0.00482137
-0.239486
-0.0499191
0.296722
0.335133
-0.2885
-0.497119
0.0245726
-0.173948
-0.306404
-0.175561
-0.191957
-0.071179
-0.460827
-0.102726
0.317088
0.40234
0.797674
0.703036
-0.741561
-0.152594
0.432199
0.932139
1.21007
-0.130579
-0.0884185
-0.339905
0.275351
-0.297777
-0.0353498
0.634213
-0.30786
-0.14283
0.0552305
0.119026
-0.00198946
0.0581431
1.14528
0.830137
-0.178348
-0.334346
-0.270953
-0.168907
0.304054
0.088103
0.178162
-0.292829
0.151763
0.20665
-0.508216
-0.156119
-0.0854811
-0.0817638
-0.369029
-0.0816734
-0.257219
-0.0158368
-0.0288449
0.0235737
-0.0687479
-0.101626
-0.0857589
-0.0558297
-0.0436008
-0.541479
-0.600031
-0.578466
-0.186552
0.0105994
-0.117539
-0.139506
-0.432028
0.0431768
-0.726668
0.126841
0.102245
-0.059353
-0.443455
-0.737864
-0.175898
-0.0986767
-0.0865229
-0.528544
-0.464484
0.713292
-0.354207
0.364991
0.46918
-0.0664213
-0.167775
-0.0334682
0.195517
0.0326381
0.325961
0.193897
-0.171499
0.16574
-0.471481
-0.174004
0.711431
-0.367062
-0.143445
-0.698757
-0.157322
-0.395784
-0.226901
0.325726
0.378854
-0.0958809
-0.0389906
0.0182109
-0.166439
-0.135312
-0.191727
-0.360406
-0.431339
-0.0490092
-0.441615
-0.353558
-0.254548
0.724664
-0.257686
-0.140888
-0.57047
-0.116691
0.454357
0.0614339
-0.0550502
0.00114637
-0.0436406
0.640065
0.0123784
1.15498
0.536648
0.0161591
-0.28919
-0.36003
-0.204395
-0.483268
-0.214535
-0.230393
0.1774
-0.374412
-0.161238
-0.0192132
-0.479557
-0.172021
0.00664182
-0.186489
0.104914
0.155299
0.539151
-0.169746
-0.0492785
0.642521
0.067523
-0.081331
0.351892
0.667043
1.03663
-0.0192302
-0.576286
-0.304019
0.0157654
-0.942521
-0.195874
-0.54341
-0.400495
0.20487
0.0459743
0.240844
-0.312472
-0.407266
0.370787
0.579165
0.802604
0.0868626
-0.265507
-0.549326
-0.640285
-0.326726
-0.224504
-0.868754
-0.150534
-0.109054
0.461053
-0.234245
0.101936
-0.194735
-0.165995
-0.00561488
0.651194
0.755557
0.0655985
-0.171789
-0.0190567
-0.426858
-0.165795
-0.0940275
0.354095
1.33044
0.0235841
-0.248812
-0.328547
-0.0574938
0.286315
0.400811
0.411897
1.31185
1.1486
0.275964
-0.215389
-0.496671
-0.540927
0.233689
0.324481
0.00628166
-0.441742
-0.143154
-0.130204
0.472034
0.260219
0.382824
0.724846
-0.598139
-0.474773
0.00882815
0.594339
-0.242461
1.34804
0.376528
0.0344125
0.0953419
-0.094519
0.260382
0.0049342
-0.0736202
0.0543965
0.334626
-0.0744088
-0.343083
-0.279904
0.23926
-0.122244
-0.00871784
0.0636979
0.0406576
-0.110611
0.117533
-0.113364
-0.124874
-0.541785
-0.556377
0.0268805
0.128116
-0.0694745
-0.326528
-0.136458
0.0539013
-0.342975
0.00201463
-0.0760281
0.168183
0.477281
-0.0598202
-0.0494031
0.183508
0.265511
0.644847
0.0237013
0.0408655
0.209277
0.331159
0.499547
0.563553
-0.0440307
0.20332
0.126849
-0.711546
-0.527155
0.14117
0.321849
0.0275344
0.135561
-0.358713
-0.170981
-0.16773
0.382164
0.0487464
0.0722021
-0.356513
-0.451184
-0.0102023
-0.268849
0.131395
0.155276
-0.147046
-0.164054
-0.37192
-0.421061
-0.393974
-0.299718
-0.115473
-0.19392
-0.0220194
-0.646909
-0.631394
-0.334632
0.00989659
0.193273
-0.206656
0.224941
-0.21575
0.0714859
0.210336
-0.543139
0.513144
-0.384369
-0.21115
0.13086
-0.0657544
0.0733523
1.39661
0.912331
0.212118
0.303993
-0.0152793
0.00766757
-0.161016
-0.10987
0.1378
0.0296092
-0.0281347
0.00410485
-0.0337658
-0.1081
-0.453426
-0.448209
-0.135493
-0.0161594
0.131905
0.261664
0.0403819
-0.0441998
0.521331
-0.281992
-0.154648
-0.227305
-0.438783
-0.306945
0.624208
0.082857
0.13721
-0.388671
0.0182919
-0.29616
-0.183996
0.762119
-0.0540747
-0.121039
-0.174396
-0.199557
0.120894
-0.252362
-0.482215
-0.236618
0.160534
0.249574
0.340334
0.620332
-0.111288
0.0120766
-0.332012
-0.303223
-0.241225
-0.14057
-0.727973
1.04263
-0.384973
-0.122166
-0.270493
-0.589865
0.213671
-0.0158729
-0.373219
-0.332077
-0.463249
-0.508308
-0.224133
-0.0567487
-0.392448
0.0184524
-0.0578733
-0.250134
0.133212
-0.0554586
-0.463709
-0.396031
0.186513
-0.0178669
0.0743796
0.338689
-0.246995
-0.367356
-0.184873
-0.24175
0.0673955
0.0133169
-0.189023
-0.416495
-0.284427
-0.224561
-0.0368341
-0.187472
-0.282516
0.142369
0.261665
-0.25416
-0.31799
0.20862
0.342715
0.0200873
-0.238495
0.137089
-0.023154
0.148255
0.0553963
-0.00759193
-0.24232
-0.337657
-0.545817
0.219794
0.436917
-0.016653
-0.0420044
1.47285
-0.78498
0.276478
-0.241845
-0.689582
0.0676727
-0.0498618
-0.124013
-0.0975153
-0.331609
0.143414
-0.406379
-0.0618288
0.042128
-0.140421
-0.244395
-0.209814
0.197242
-0.164878
0.0245792
-0.324641
-0.0788051
-0.151806
-0.631466
0.244971
0.286838
-0.390064
-0.400465
-0.51067
-0.638976
-0.296963
-0.0470938
-0.00358983
1.04995
0.367581
0.251804
0.123276
0.675701
0.083937
-0.532255
-0.10142
0.522042
0.409754
0.613735
0.128278
0.218317
-0.141232
0.135964
0.231827
0.281825
0.453743
0.0558661
-0.310498
-0.172738
-0.0377434
-0.452098
-0.692128
-0.199265
-0.141481
0.297672
0.530227
0.0360749
-0.0549878
-0.0470431
-0.189205
-0.192159
0.210784
0.216429
0.00994921
-0.13016
0.127005
-0.0567974
0.272484
-0.0271336
0.543898
0.558474
0.0149364
0.190864
0.43208
-0.216456
-0.789191
-0.633507
-0.224224
0.123489
0.0840418
-0.353604
-0.149301
-0.485366
-0.814189
0.351874
-0.13961
-0.214686
-0.145052
-0.574441
-0.235125
-0.187189
-0.19518
-0.712601
0.0387419
-0.0588217
-0.0375151
-0.635779
-0.229809
-0.337024
-0.39621
0.00659838
-0.646499
-0.605759
-0.489213
0.492656
-0.45936
0.344931
-0.295108
-0.639357
-0.0163898
-0.145327
0.101983
0.789298
1.55093
0.0964312
0.239979
0.377116
-0.103913
-0.149162
-0.219583
-0.271563
-0.0500858
-0.346621
-0.0683592
-0.294047
-0.220229
-0.504203
0.415366
-0.233032
-0.225346
0.0844259
-0.762296
-0.290529
-0.294342
-0.395282
0.353025
-0.197669
0.426007
0.10964
-0.952644
-0.0892397
-0.270174
0.224605
-0.188232
-0.0717333
-0.157226
-0.0741819
-0.00946795
-0.30507
-0.0941865
0.00636804
-0.157591
-0.311031
-0.164514
-0.261963
-0.266183
-0.0919732
0.605479
0.105299
-0.0440291
0.121615
-0.122299
0.0374065
-0.0748284
0.184904
-0.683319
0.56667
0.0147226
-0.103332
-0.220884
-0.166434
-0.145912
0.623324
0.505629
-0.237454
-0.541805
0.0447669
-0.206997
0.225768
0.599026
1.16512
0.436877
-0.424651
-0.67315
-0.208593
0.0459257
0.0618975
0.263034
-0.343274
-0.307698
-0.309995
0.00369699
0.115703
-0.163139
0.21852
-0.0471914
1.172
0.414894
0.0795017
-0.452525
-0.0637898
-0.00674934
-0.213238
-0.10027
-0.345945
-0.0417092
0.0856169
0.186584
-0.226464
-0.0363034
0.264236
-0.647641
-0.668514
-0.108639
-0.0517303
0.10713
0.00882374
0.0434606
0.00965128
1.13246
0.30188
-0.0113495
-0.328706
-0.0997931
-0.329971
-0.0968348
-0.181163
-0.15162
-0.219155
0.358541
-0.150784
0.107014
-0.90468
0.0495202
-0.161239
-0.507099
-0.339734
0.517728
-0.407361
-0.244598
0.578562
0.695918
0.519399
-0.0365509
-0.274829
-0.230593
-0.0290303
-0.296955
-0.202152
-0.0828488
-0.517258
-0.135076
-0.066799
0.124943
-0.16181
-0.589136
0.281245
0.27381
-0.0775838
-0.403957
-0.230299
0.208532
-0.266852
0.230843
1.54235
0.410116
-0.0275796
0.338474
0.129785
-0.344857
-0.182148
-0.0470673
0.449707
0.546135
-0.184186
0.173823
0.477794
1.15309
0.156048
0.0624445
-0.134089
0.231373
0.4108
-0.00660284
0.461103
0.288483
-0.327102
-0.0710925
-0.118447
-0.0916547
-0.563823
0.341613
-0.074272
-0.127125
-0.17877
0.0191458
0.0820767
-0.305975
-0.0757967
0.83282
-0.530252
-0.173602
-0.158174
0.244724
0.293727
-0.321155
-0.254896
-0.505717
0.40567
-0.123575
0.251276
0.414434
0.258712
0.0403108
-0.210401
-0.512816
-0.364598
-0.0173061
-0.068211
-0.100423
-0.0378197
-0.0918001
0.649278
0.273548
0.915828
-0.632183
0.163784
0.636802
-0.323721
-0.433982
-0.0539654
-0.187889
-0.0734476
0.421391
0.0285816
0.518562
0.146072
1.29274
-0.016226
-0.0100853
-0.0772546
-0.135141
0.332227
0.0983415
-0.6243
-0.447849
-0.273152
-0.181456
-0.0516428
0.190439
0.0555529
-0.0346796
-0.308837
-0.678278
-0.605272
-0.684357
-0.68375
-0.302802
-0.0737399
0.489966
0.111702
0.997658
-0.0120941
-0.170536
-0.0310943
-0.0172129
-0.345485
-0.308583
-0.132822
-0.0114286
-0.202822
-0.407045
0.322618
0.392415
0.204346
-0.548151
-0.0965035
0.0465723
-0.21425
-0.0694348
0.422516
-0.527234
-0.0461333
-0.0109233
0.539199
-0.171891
-0.29471
-0.390598
0.128936
1.30253
0.155438
0.0430202
-0.0756502
-0.183699
-0.448288
-0.195948
1.07117
0.427859
0.628266
0.165168
0.15566
-0.309335
1.58851
-0.189627
0.0852124
-0.0673419
0.115171
-0.236712
0.587418
0.385961
0.0520123
-0.0200449
-0.0145673
-0.197904
0.129372
-0.0903557
0.0147031
-0.0305604
-0.00946792
-0.644029
-0.000444327
-0.316251
-0.487506
-0.46672
-0.489167
0.632459
0.546138
-0.0980373
-0.329541
-0.470753
0.0420606
0.253279
0.160079
0.432645
-0.126956
-0.320771
-0.222252
0.228554
-0.191199
-0.0819983
-0.669804
-0.393103
-0.114863
0.184001
0.642053
0.99366
-1.08586
-0.638598
0.483011
-0.297538
-0.315519
0.513622
-0.143974
-0.472276
-0.00114253
-0.156317
-0.607146
-0.744004
0.0427864
-0.733922
1.29792
0.373933
0.0195378
0.0410153
0.154951
-0.0643688
-0.174321
0.37857
0.119359
0.00736191
0.400214
-0.236153
-0.259258
0.244053
-0.0142338
-0.147972
-0.233519
0.201305
-0.264674
-0.262126
-0.0621258
0.0317538
0.0397722
-0.170827
-0.100725
0.591507
0.796649
-0.0743363
-0.317773
-0.528975
-0.321701
-1.00309
0.0366174
-0.00625828
-0.458367
-0.328814
0.255233
0.75006
1.21348
0.264845
-0.0442639
0.260905
0.749937
-0.293064
0.0511976
-0.540566
-0.188668
0.0468301
-0.525199
0.125777
-0.444843
0.648525
0.953683
0.864228
0.0369583
0.366761
-0.515074
-0.185023
-0.14959
0.22712
0.0897816
-0.11708
0.213435
-0.062583
0.354408
-0.0382978
-0.055464
0.00148198
-0.189645
-0.718446
-0.422123
-0.116377
-1.11544
-0.282344
-0.0189685
-0.378319
-0.843918
0.0780455
-0.171673
-0.137879
-0.0846981
0.257065
-0.20474
0.120361
0.0724874
-0.156726
0.244662
-0.107378
0.0530438
-0.0426786
-0.226143
-0.127855
-0.214386
-0.535256
-0.160453
-0.0761588
-0.0245299
0.129678
0.032519
0.0671255
-0.0380082
-0.0945906
1.21197
-0.0789824
-0.186141
0.446542
-0.121199
0.334575
1.30087
0.0362048
-0.219891
-0.0408909
-0.0729917
0.371544
1.30275
1.00078
0.795921
-0.328784
-0.430857
-0.0102807
-0.0793659
-0.00392415
-0.0642735
0.0366474
-0.0792209
-0.178529
-0.0885474
-0.217368
-0.170405
0.0807062
-0.10845
0.0410231
-0.0483657
0.00123611
0.329884
-0.150312
0.131103
-0.0480206
-0.69869
-0.0737541
0.46133
0.194238
-0.978435
-0.120314
-0.218525
-0.124037
-0.0114851
-0.27283
-0.262387
-0.152602
0.38366
-0.115928
0.0040451
0.216621
-0.0135255
0.0199309
-0.301124
-0.370307
-0.0175714
-0.45496
-0.699212
-0.378796
-0.671713
0.014426
-0.11683
-0.0903977
-0.125814
-0.0532712
-0.380963
-0.128201
-0.366874
-0.764186
-0.435377
-0.321001
-0.419187
-0.452527
-0.082457
-0.218743
-0.530249
-0.0667415
-0.0682914
-0.132188
0.217146
0.120262
-0.11242
-0.697966
-0.20797
-0.488656
-0.14397
-0.177185
-0.133462
0.220415
0.674007
0.209293
0.680877
0.605336
-0.266769
0.182388
-0.381797
-0.0324602
0.472417
0.58
1.56877
0.579195
0.260323
0.851853
-0.0826394
-0.16534
0.314275
0.45435
0.106516
1.30542
-0.754566
0.0107234
0.0157191
-0.335205
-0.129558
-0.396707
-0.387941
-0.01688
-0.230214
-0.0117103
-0.200282
-0.532713
-0.516495
0.00568488
-0.0303927
-0.249438
0.246568
0.0221157
-0.117715
-0.121531
0.0378014
0.38589
0.313987
0.357553
-0.256906
-0.0511105
-0.163445
0.186654
0.307901
0.219793
-0.0821428
0.255514
-0.135469
0.524135
-0.10647
-0.1424
0.0216404
-0.262999
-0.115844
0.204973
0.0486883
-0.221101
-0.326151
0.0721177
0.177532
-0.346628
0.12141
0.914841
0.0610644
-0.127386
-0.104027
-0.121951
0.143973
0.533395
-0.189575
-0.141784
0.0728314
0.0954871
0.100687
-0.0421068
-0.0704608
0.573905
-0.290146
0.349807
-0.257423
0.0812648
-0.194626
-0.684708
0.315628
0.458691
0.21146
-0.113222
-0.0783294
0.484784
0.498637
0.0526543
0.39776
0.863015
0.702467
-0.346282
-0.273067
-0.201174
-0.237127
0.142954
-0.0778584
0.0377405
-0.133612
-0.019188
-0.146619
-0.533889
-0.471518
0.0454223
0.0386044
-0.367239
-0.285931
-0.263122
0.271594
-0.0909154
-0.17957
-0.192356
0.0146624
0.311758
-0.064364
-0.0392432
-0.285018
-0.11839
-0.077693
-0.0382988
-0.233069
0.158623
0.391915
0.0683126
-0.265694
0.0406049
-0.279966
-0.477792
-0.611036
-0.0859764
-0.0677582
-0.29406
0.0390182
0.0410885
0.461882
0.115886
0.575287
-0.00676207
-0.0742303
-0.175273
-0.430372
-0.284988
-0.202124
-0.191662
-0.279419
-0.212716
-0.726553
-0.238089
0.689855
0.323219
0.0940664
-0.46995
-0.0321744
0.171567
0.0126847
0.269235
-0.306355
-0.337313
-0.656069
-0.731128
-0.0475374
-0.185828
-0.0514984
0.114507
-0.0387139
0.252494
0.393642
-0.420281
0.140549
-0.258436
0.505859
1.29327
-0.278284
-0.361723
-0.25462
-0.156253
-0.139845
-0.359682
-0.0402123
-0.15722
-0.0404892
0.303344
0.00542829
-0.0105616
0.0597284
-0.0571468
0.070695
-0.42121
-0.183586
0.0147304
-0.0236518
0.893785
-0.25416
0.340633
-0.62773
0.299616
0.0327762
-0.384069
-0.0748862
0.184128
-0.547175
0.10987
0.0825648
-0.102818
-0.323691
-0.139629
-0.0756099
-0.549674
-0.385253
-0.265838
0.125051
-0.321104
0.0707492
-0.178284
0.225859
0.0737115
-0.287548
0.361218
0.607625
-0.177288
0.0200626
0.0376598
0.141156
0.191025
0.0265738
0.318092
0.198113
-0.0363682
-0.178638
-0.0664373
-0.0360629
0.188384
-0.02046
-0.129572
-0.0141492
-0.084953
-0.0501837
-0.0385361
-1.23098
0.0381893
-0.00651888
1.20181
1.33001
0.682842
-0.198557
-0.379529
-0.0448178
-0.360158
-0.170887
-0.184491
-0.433797
0.206112
0.0203974
-0.435367
-0.313951
-0.105023
-0.178487
-0.106484
0.199127
-0.193379
-0.146145
0.156611
-0.112042
-0.151012
-0.243631
-0.0145596
-0.662108
0.208913
0.370962
-0.16231
0.65107
0.132984
0.291843
-0.113544
0.102204
0.592366
-0.376598
0.198224
-0.143721
-0.21389
-0.319189
-0.0928144
-0.237832
0.0482649
1.02916
-0.115956
0.541862
-0.319991
-0.386255
-0.129321
-0.0355245
0.187618
-0.146502
-0.0467501
-0.113432
-0.241498
-0.471771
-0.13471
0.0271218
-0.0773984
-0.636308
-0.186021
-0.191918
-0.110887
0.913178
0.814773
-0.189725
-0.196082
-0.445223
-0.567933
0.0663998
-0.103655
-0.424539
0.32541
0.0998783
0.0862775
-0.224567
0.0175551
-0.467129
0.0329814
0.0639888
-0.132524
-0.241397
0.37007
-0.175571
0.176452
-0.0786271
-0.0188415
-0.0788791
0.126287
-0.120841
0.0156751
-0.10504
-0.350097
-0.174682
-0.0761619
-0.0684617
-0.0691939
0.40163
-0.0605641
0.227599
0.186042
0.260392
-0.0758231
-0.191659
-0.335071
-0.0625394
-0.329124
-0.176361
0.218365
-0.178966
-0.451071
-0.110353
-0.0759017
-0.0776566
-0.210092
0.337291
0.222754
0.297544
-0.100371
0.0194367
0.0765813
-0.142863
-0.174443
-0.14861
-0.0860251
0.0186755
-0.0115214
0.0453777
