-0.247549
0.451645
0.288312
-0.187181
0.212599
-0.272389
0.106704
0.136488
-0.0442448
0.592933
0.203683
0.0928836
-0.052478
-0.0695023
-0.0516438
-0.183948
-0.297179
-0.517695
-0.527805
-0.285377
-0.0430405
-0.0476105
-0.493053
-0.0613919
-0.707173
-0.0587908
0.0575626
-0.400873
-0.211032
-0.0446931
1.00333
-0.0116185
0.0139305
0.0103766
0.0231852
-0.246175
0.124947
-0.27996
0.430312
0.199298
0.0452296
-0.234612
0.0669124
0.160946
-0.0458955
-0.202464
0.13621
0.190455
-0.549083
-0.457167
0.122958
0.0307958
-0.209825
-0.11491
-0.0603135
-0.295075
0.0606597
0.272891
0.107816
0.0435573
-0.059474
0.0905682
-0.105715
-0.0651178
0.0486943
-0.468414
0.022764
0.649722
-0.00696038
0.045135
-0.0557868
0.115127
0.518591
0.0316381
-0.030997
-0.539945
-0.28632
-0.127393
0.180845
-0.0537059
-0.249176
0.274231
0.469272
0.338142
0.0958426
-0.057909
-0.0556744
0.0984641
-0.0217562
0.0158044
0.0649801
0.047993
0.0541936
0.0127708
0.0416325
0.0468082
0.175395
0.0481532
-0.0546981
-0.0428696
-0.263399
-0.0366052
-0.0811738
0.108077
-0.194305
-0.193141
-0.226381
-0.0557734
-0.21759
0.017056
-0.134253
-0.16902
-0.129632
-0.052564
-0.387381
0.104098
0.680732
0.566042
0.118285
0.024668
0.148724
0.0389537
0.205257
0.0249218
-0.260199
-0.000554884
-0.343509
0.159671
0.495942
0.184777
-0.181449
-0.1072
0.106633
0.350711
-0.266066
-0.0212891
0.0195485
0.0012662
0.10479
0.199984
0.0186702
0.201384
0.170227
-0.0760764
0.195552
0.0842068
-0.349395
-0.0111387
0.0259138
0.433134
0.382166
-0.0312848
0.206586
0.0407677
0.0136589
0.206973
0.228803
0.282813
-0.0162169
0.138895
0.170545
-0.344841
-0.0268265
0.118614
-0.043533
-0.245654
-0.0132058
0.0487307
-0.297842
-0.0767216
0.540024
0.0830999
0.0233435
-0.20229
-0.460323
-0.210499
0.0235875
-0.0694899
0.0946814
-0.44691
-0.369697
-0.19126
0.0286164
-0.0566539
-0.0079463
0.774713
0.163533
0.0603858
-0.0157651
-0.0137142
0.146112
0.967834
0.0185663
-0.133802
0.0109249
0.0547833
-0.0108221
-0.149542
0.0321142
-0.217556
-0.0665327
0.372466
0.00100058
0.413023
0.0052029
-0.166458
-0.619524
-0.177174
0.0832339
-0.303529
-0.165065
0.0524652
0.0157552
-0.0701516
-0.117209
0.142955
-0.129554
-0.468847
-0.0891265
-0.0996825
-0.0503307
-0.0300286
-0.00379835
0.538059
0.031842
0.0517845
-0.0811548
-0.513949
-0.00851899
-0.124588
-0.222188
-0.0138721
-0.100879
-0.183899
0.0824474
-0.171314
-0.256209
0.115009
0.0455321
0.0628068
-0.252958
-0.138386
0.0721778
0.193097
0.0555156
-0.119474
0.0581964
0.172596
-0.00887784
0.184484
-0.0484479
-0.275034
0.0937187
-0.424332
-0.392174
-0.541313
-0.437205
0.00637967
-0.0975675
-0.211869
-0.242879
0.355358
-0.0373613
-0.396442
0.153852
-0.0708763
0.0936443
0.0570198
0.00431952
1.04602
-0.138888
-0.247721
-0.0875315
0.454148
-0.0268127
0.180849
-0.228711
-0.11409
-0.354816
-0.0343413
-0.403349
0.361839
-0.130464
-0.369507
-0.0252811
-0.105073
0.119886
0.628996
0.837548
0.0209437
-0.545053
0.019267
0.160032
0.331958
0.393865
0.392318
-0.738355
0.235887
0.0734354
-0.0852246
0.0163011
0.279593
-0.596866
-0.329712
-0.00921579
0.0113262
-0.433636
-0.212123
-0.318385
-0.133817
-0.0931111
-0.429867
-0.030261
0.178404
0.0444198
0.248886
0.0533716
-0.0411131
0.0191509
0.0935001
-0.0876655
-0.112597
-0.115016
-0.0169662
0.119965
-0.0681643
-0.0490687
-0.437137
-0.200985
-0.186553
0.058967
0.0522591
-0.155277
-0.0675923
0.0847844
-0.139461
-0.00934497
-0.224371
0.0884713
0.0861506
0.100799
0.375227
-0.0205501
0.135143
0.0283864
0.195693
-0.0714416
-0.326657
-0.0231035
-0.138386
0.0452289
-0.0780765
-0.205989
-0.304164
0.17386
0.422761
-0.25667
0.00478062
0.117309
0.307868
-0.184618
-0.0494926
-0.0263909
-0.121335
-0.0462714
-0.243862
0.0213447
0.0246462
-0.0449843
-0.213006
-0.057637
-0.445709
0.0508707
0.538044
1.1084
-0.385319
-0.0366621
-0.0377208
-0.00922031
0.0330377
-0.313746
0.298677
-0.0404849
0.471913
0.108319
0.146662
-0.113961
-0.165825
-0.131585
-0.271277
-0.0849856
-0.00801483
0.0592534
0.230807
-0.0356457
0.668213
0.0589925
-0.043962
-0.0513806
-0.131074
-0.0357091
0.028006
0.0393485
-0.310805
-0.392523
-0.481807
0.200924
0.595787
-0.510773
-0.227304
0.220843
0.941083
0.0404053
0.47972
0.034517
0.0927672
-0.00643842
-0.106829
-0.000931729
0.104541
-0.0681523
-0.071492
0.571848
-0.364414
0.0901898
-0.0439021
-0.056141
0.0523176
0.0256567
-0.0619177
-0.42503
0.277446
0.378089
0.180202
-0.00379835
-0.0516546
-0.0538772
0.0433401
-0.0133964
0.0460868
-0.0339215
-0.544095
-0.0925736
-0.0784319
0.288805
0.162646
0.0820286
0.0457193
-0.197797
-0.530668
-0.050836
-0.0188993
-0.195173
-0.0404842
-0.270595
-0.281347
-0.0756078
-0.0639697
0.41954
0.486949
0.687342
-0.273512
0.365614
-0.286382
-0.198734
-0.218959
-0.361374
-0.280971
0.187149
0.00177938
0.350355
0.0259692
0.0849282
-0.257056
-0.00735083
-0.149823
0.204331
0.576941
-0.162446
0.0248243
0.0739296
-0.189385
0.00998994
0.279277
0.625868
0.240574
-0.0126036
0.323262
-0.151489
-0.0229367
-0.241472
0.364791
0.275357
-0.0492608
-0.100069
0.688663
0.280093
0.0927322
-0.0775167
0.142796
-0.202438
0.190022
0.206445
-0.084345
-0.0605822
0.0958345
-0.343363
-0.0323684
0.266394
0.462714
0.14664
-0.0541367
0.640449
0.136141
-0.531767
-0.18732
-0.0954834
0.0495148
-0.0646992
0.0763455
-0.268177
0.254045
-0.347674
-0.293552
-0.100454
-0.0181044
0.0951387
0.0160786
0.0516767
-0.0122209
-0.0790734
-0.121205
-0.179074
-0.275297
0.162042
-0.052326
0.343293
0.126735
0.233284
0.354876
0.171652
-0.105842
-0.111824
-0.0972835
-0.0575247
-0.0920742
-0.187144
-0.322749
-0.303552
0.186222
0.0225306
-0.00468373
-0.0138403
0.0457347
-0.0617903
0.0578353
-0.423376
-0.107381
-0.150961
-0.244824
-0.300196
-0.037918
-0.0779354
-0.37671
-0.109948
-0.420843
0.0294747
-0.0592827
-0.434652
-0.267016
-0.500234
0.0264779
-0.298566
-0.265289
0.0156925
-0.0275605
0.836581
-0.0384973
-0.151556
-0.418144
-0.316949
-0.0670154
0.0921915
0.167697
0.155024
0.126651
-0.322401
-0.356546
-0.140796
-0.093338
0.231102
0.0574713
-0.159625
-0.0975383
0.0556584
0.0349885
0.106802
0.0563597
-0.00140386
0.106644
0.047926
0.0336529
-0.271779
-0.0866718
1.03938
-0.252935
-0.0364335
-0.353241
-0.128376
-0.0940268
0.177803
-0.192966
0.222103
0.16052
-0.0840401
0.962085
0.0624788
-0.111517
0.257285
0.0405701
-0.274295
-0.0926384
-0.049347
0.551044
-0.15662
-1.01569
-1.00365
0.429094
-0.18124
-0.201531
-0.0517095
0.0309368
-0.0398087
-0.0829796
-0.0278366
-0.513104
-0.122055
-0.104272
-0.0453755
-0.128407
0.0502209
-0.181084
0.115744
0.0432861
-0.131642
0.113105
-0.376376
-0.311098
0.211226
-0.19081
0.49893
0.434249
-0.161995
-0.0324994
0.190743
0.0742139
0.115697
-0.0633211
-0.0247603
0.327759
-0.0909485
0.240092
0.078097
-0.0346322
-0.0806797
-0.0136972
-0.142209
-0.0368375
-0.268018
-0.338843
0.284102
-0.329652
-0.538399
-0.249526
0.0396673
0.020198
0.0709074
0.515851
0.318698
-0.0344672
-0.0199379
-0.0887606
-0.139855
0.40755
-0.327429
-0.200694
-0.205726
-0.220402
-0.357785
-0.0731934
0.0467626
0.00780936
-0.0882482
-0.0197132
-0.165444
-0.142958
-0.0678062
-0.0146065
-0.138069
-0.143544
0.0810736
0.500926
0.167421
-0.264033
-0.466887
0.0835494
-0.579122
-0.171075
-0.0169598
0.0807209
-0.0880338
0.056625
-0.051223
-0.00578937
-0.0809164
-0.143621
-0.17715
-0.0812361
-0.0842476
0.0256451
0.1588
-0.0953627
-0.00222763
-0.0928302
-0.104619
0.0221232
-0.112048
0.431504
-0.136044
1.08277
1.0553
-0.26573
-0.0347
0.418486
0.0225791
-0.0260547
-0.232061
-0.074872
-0.0991452
0.174618
-0.313771
0.0441091
-0.020954
0.130111
-0.115567
0.443129
-0.133585
-0.214885
-0.579111
-0.157666
0.277502
0.170208
0.821678
0.150115
0.0264909
0.0487307
0.0989423
-0.28546
-0.271628
-0.242804
0.0762389
0.131764
0.287046
-0.225435
-0.464546
-0.466772
-0.352347
-0.314168
0.762451
-0.396988
-0.0873444
0.0546381
0.423794
-0.235635
0.170772
-0.0860756
-0.000893363
-0.095721
-0.0913585
-0.11797
0.0483914
-0.56192
-0.117155
-0.274578
-0.136714
-0.0394341
-0.0187161
0.0369694
0.0328098
-0.0427784
-0.0135582
-0.247572
-0.419688
0.748813
0.625
0.511383
-0.0924571
0.206119
0.368505
0.239254
-0.153399
-0.256044
-0.0379825
-0.00255395
-0.356204
-0.253203
-0.0953692
-0.200093
0.449498
0.392144
-0.26921
0.095311
-0.0236585
-0.0637521
0.0679131
0.133546
-0.287263
0.345304
0.0549797
-0.295936
0.329458
-0.0266173
-0.0153067
0.148483
0.663367
-0.314881
-0.448803
-0.373421
0.0454197
0.132784
-0.617502
0.196096
0.123178
0.181067
-0.0718109
-0.0874849
-0.108903
0.073425
-0.0210093
-0.182037
-0.0750574
-0.0694601
-0.0688461
-0.298869
-0.0205224
-0.0753266
0.0705776
0.848915
-0.24053
-0.290279
0.00115944
0.108019
0.0579215
0.0266733
-0.0161434
-0.155851
-0.017049
0.00389227
0.858444
0.60823
-0.0825489
-0.201758
-0.0465503
-0.0732701
0.00672344
-0.108292
-0.0464104
-0.13079
-0.0837656
0.344627
-0.145244
-0.227756
-0.0858168
0.223492
-0.272404
-0.148557
0.0158874
-0.135097
-0.162543
-0.203802
-0.332267
-0.110825
-0.250232
-0.211104
-0.229075
0.0163173
-0.165377
-0.112793
-0.0700395
-0.380494
-0.297599
0.0687182
-0.146416
0.0708946
0.0271335
0.0512887
-0.0381478
-0.259151
1.06047
1.04417
0.053766
0.217938
-0.0255473
-0.13393
-0.207449
-0.268468
-0.113469
-0.10501
-0.0401484
0.256044
-0.196799
-0.133374
-0.118646
0.210706
0.614152
-0.0394162
-0.0414791
-0.0732709
-0.450251
0.0809154
0.529995
0.219345
-0.221203
-0.099918
0.0219321
-0.19566
-0.217007
-0.0232212
-0.235503
-0.202844
0.827317
1.00628
-0.128913
-0.0960132
-0.0261001
-0.318167
-0.123313
0.399837
-0.111709
-0.634634
-0.130248
-0.10183
0.161889
0.108075
-0.0673915
-0.116771
-0.118611
0.0092815
-0.0181937
-0.0956288
-0.261755
-0.00202933
-0.0225834
-0.116063
-0.0182228
-0.0125722
-0.192711
-0.116536
0.539984
-0.0785248
-0.149926
0.0571899
-0.0731953
-0.147628
-0.347021
-0.485427
-0.243016
-0.0533902
0.232488
0.0354112
0.237013
-0.0450667
-0.0767691
-0.176929
0.326933
0.0662774
0.013235
-0.0585946
-0.914648
0.20986
0.400525
-0.101136
-0.0410706
1.29386
-0.109142
0.211117
-0.0417814
-0.0507063
-0.539594
0.190337
0.0171023
0.590044
0.031177
-0.095035
0.170529
-0.00217481
0.13209
-0.0395049
-0.635641
-0.209834
-0.112561
-0.210605
-0.0498415
-0.576169
-0.615076
0.0737583
0.0105598
1.04229
0.158003
-0.085663
0.177218
-0.214609
-0.145692
-0.0397329
-0.104359
-0.361266
-0.172525
-0.418772
-0.114904
-0.178623
-0.0391764
-0.0657231
-0.125615
-0.294629
-0.255577
-0.643629
0.104822
0.0765433
-0.143167
-0.259724
-0.0226621
0.0384081
0.0124642
0.222806
0.977613
-0.395042
-0.0297484
0.0165948
0.147683
-0.0301134
-0.176925
-0.301273
-0.861293
-0.223616
0.251177
0.209617
0.124217
-0.715457
-0.389189
-0.31579
-0.00181979
0.447966
-0.114754
-0.13967
-0.194922
-0.168188
-0.132906
0.861441
0.323214
-0.313895
0.167408
-0.401738
0.232297
-0.182512
-0.212605
-0.432952
-0.593738
0.297587
-0.184805
-0.603311
0.0805225
0.125514
0.0933457
-0.191998
0.37301
-0.156847
-0.0964566
0.0240107
0.0784437
-0.203571
-0.288378
0.573262
0.0696845
0.0294235
0.217467
0.1636
0.16694
-0.0604949
0.485843
-0.0455334
0.145585
-0.0502909
0.205119
-0.156641
0.280655
0.607337
0.956056
0.189775
0.401795
0.00352551
0.0777603
-0.118199
-0.0134497
0.33766
0.328474
1.10254
0.128069
0.237547
0.0145492
0.683809
1.15451
0.297929
-0.0604248
0.173279
0.0167007
-0.483016
-0.207142
-0.419291
-0.10692
0.0427981
-0.207413
-0.672711
0.333216
0.226541
0.222727
0.473892
0.400369
-0.215701
-0.0402728
-0.329462
-0.284755
-0.111504
0.026939
-0.183237
0.159272
0.0590366
0.00370264
-0.110759
0.146494
0.575369
0.532338
-0.110399
0.0853916
-0.0323538
-0.348452
-0.57643
-0.408765
-0.419737
-0.242612
-0.444302
0.0282083
-0.132266
0.423501
-0.129141
0.162065
0.0454197
-0.289261
-0.0863769
0.022831
0.117373
0.204057
-0.0986718
-0.512215
-0.708493
-0.0405799
0.325571
-0.277593
0.189663
-0.0187643
0.808219
0.287602
0.333854
0.140978
-0.031786
-0.0812881
0.484122
-0.0407356
-0.0599609
-0.177892
-0.251444
-0.242717
0.0289713
-0.0883489
0.74938
0.114991
0.0567112
-0.105378
0.28638
0.51446
0.0742537
-0.0510205
-0.143022
-0.123423
0.203646
0.14271
0.248907
0.385986
-0.210693
0.17384
0.300573
0.130248
-0.233382
-0.273229
-0.12235
-0.197666
0.000131947
-0.350467
-0.0165794
-0.367744
-0.0142954
1.35585
0.525789
0.317153
-0.0762571
0.0882976
-0.178134
-0.181104
-0.268732
-0.541782
0.39235
-0.0675113
-0.339907
-0.185141
-0.308091
-0.15206
-0.385332
0.210534
0.0838107
-0.207529
-0.436791
-0.0440109
0.777836
0.153035
0.102574
0.548105
0.00185908
-0.673958
-0.327595
0.677884
0.0427715
-0.141732
-0.127751
0.98328
1.07916
0.0492302
0.0675756
-0.138288
-0.0301793
-0.357496
-0.351036
0.14268
-0.15726
-0.000821673
-0.0348881
0.102776
0.045498
0.144549
0.119946
0.218811
0.179187
-0.139284
-0.129571
1.1726
1.32512
0.137378
-0.11562
0.351724
0.297644
0.135913
-0.0301743
-0.0178491
-0.0379147
-0.00722379
0.398227
0.256571
-0.0847558
0.00157845
1.05384
0.0963025
0.205849
0.118387
0.0635946
-0.0506764
0.159643
0.0622521
-0.30546
-0.344639
0.0347249
0.151013
0.384503
-0.476299
-0.452035
-0.201402
-0.0163223
0.0285759
0.0323667
-0.248932
0.127055
0.268804
0.00511972
-0.0149245
-0.0706093
-0.00696214
0.162754
-0.0585124
-0.0413944
-0.151488
-0.1116
-0.0765995
1.12291
-0.224636
-0.274898
-0.637482
-0.0415869
-0.149605
0.208212
0.0109543
0.361727
0.877769
0.101223
0.0826735
-0.0162103
0.0345341
0.577087
-0.0442415
0.642981
-0.136911
-0.235651
-0.0801594
-0.116457
-0.0530806
-0.0826661
0.0754755
-0.232637
-0.307404
-0.242357
0.0305882
-0.075909
-0.181431
-0.204239
-0.421692
0.152777
-0.40913
-0.509443
-0.0879371
-0.57597
0.101951
0.63496
0.609101
0.256495
-0.24141
0.313885
0.313104
0.13294
0.381625
-0.18785
0.164777
-0.380138
0.104385
0.323119
-0.497248
0.0995398
0.263623
1.19049
-0.128493
0.129529
1.16681
0.268133
-0.202658
-0.321375
0.0831927
-0.212763
0.233955
0.189536
-0.398169
0.212496
-0.0890587
-0.493885
0.0290829
-0.244941
-0.365336
-0.289059
0.0504899
-0.442765
0.100937
0.0222558
-0.181508
0.0582923
-0.333529
-0.364602
-0.330191
-0.456136
0.201748
0.84468
0.934349
1.29963
0.10018
0.370595
0.161876
-0.106544
-0.00322121
-0.262949
0.0540944
-0.271429
-0.20196
-0.253961
0.0187871
-0.0553596
-0.0242877
-0.361815
-0.41636
0.136069
-0.153954
-0.225196
-0.113551
-0.192188
0.0408512
-0.121602
-0.0600607
-0.037752
-0.251476
-0.160411
-0.275323
-0.144321
-0.421161
-0.415944
-0.125771
-0.0337409
-0.206342
0.034636
0.685228
0.0664595
0.0870356
-0.2474
-0.023679
-0.0510011
0.329757
0.274643
1.23753
-0.292357
0.100427
0.0896046
0.12114
0.16383
-0.113194
-0.158098
0.58936
-0.145445
-0.256403
0.0772558
-0.266858
0.00708227
0.169801
0.207216
-0.236493
-0.213467
0.109418
0.00139596
-0.147179
0.00224981
0.0757607
0.106701
-0.123469
-0.327209
-0.0865134
-0.35654
-0.247493
-0.249024
0.181073
-0.0734541
0.134504
0.308438
0.485249
-0.00155519
-0.203928
-0.326748
-0.135358
-0.084057
-0.222144
0.184217
0.390418
0.379334
0.0830384
-0.199001
-0.34303
0.0854144
-0.218961
0.166368
-0.21281
-0.611704
-0.137588
0.499632
-0.140372
0.147272
-0.544208
0.0830462
0.20578
0.34769
0.462687
-0.275426
0.877065
0.213509
0.165431
-0.250836
-0.3373
-0.533929
-0.160516
0.393423
0.870623
-0.0289737
0.117413
-0.125356
-0.0211724
-0.0414669
1.33992
1.23153
0.363392
0.0301862
-0.0382406
-0.0620774
-0.154584
-0.173947
-0.0815161
-0.0833002
0.0261649
0.447747
-0.117984
0.106551
0.069474
0.586545
0.417645
0.250613
-0.229645
-0.142236
0.107126
0.302935
-0.148833
-0.0784543
-0.0750522
-0.156268
0.345688
0.217105
0.256719
0.247812
-0.320572
-0.269521
-0.458558
0.187623
-0.453042
-0.00520534
0.348492
-0.0679769
-0.178926
0.849612
-0.0948925
0.475476
-0.0731248
-0.0955249
-0.534282
-0.025799
-0.160994
0.92608
-0.0197306
0.290432
-0.157936
0.193745
-0.00194635
0.00918707
-0.359358
-0.0809017
-0.0904638
-0.267077
-0.336833
-0.191964
-0.0946653
0.226791
0.103987
0.226955
-0.368353
0.41741
0.262818
-0.292535
0.256237
-0.00199752
0.180726
-0.352481
0.0835389
0.202557
-0.173038
-0.241628
-0.471507
-0.0832343
-0.443431
0.312302
0.0167233
0.613632
0.525836
0.0922405
-0.435545
0.750063
-0.32194
-0.0823931
0.472077
-0.565757
-0.323986
-0.123991
-0.104085
0.195229
0.435584
-0.0265672
-0.0156975
0.182533
0.0447141
-0.0297736
-0.0106772
-0.0774975
-0.42717
0.125527
0.657761
-0.0849012
0.301355
-0.409147
-0.184568
0.00747185
0.258606
0.0531593
0.110857
0.0187596
-0.244937
0.297592
-0.179172
0.430179
0.0215623
-0.054426
-0.0762252
0.0667827
-0.460975
0.0144018
-0.29346
-0.0259988
0.382954
0.152456
-0.489229
0.36113
0.0192984
0.0755769
-0.0785819
-0.238374
-0.0132915
0.393992
-0.206487
0.556068
-0.38464
0.417768
0.347469
0.149922
0.0166314
0.189545
0.298914
-0.532716
0.542333
-0.173984
-0.217716
0.575773
0.0131087
0.0255216
-0.53491
0.103712
-0.0261824
0.0621045
-0.257459
0.0519991
0.270248
-0.31739
0.0779167
-0.406077
-0.0640635
0.00164499
0.0408855
-0.412997
0.000140538
0.101648
-0.461481
-0.013742
0.015087
-0.728953
0.268848
0.40748
0.0560496
0.0578196
0.0198426
0.101597
-0.402874
0.428037
0.216771
-0.0183423
0.0623742
0.0609498
-0.258982
-0.138856
-0.210924
0.0333023
0.374109
0.949617
-0.0442719
0.413898
-0.146826
-0.253317
0.0299215
-0.216367
-0.0770362
0.241153
0.0599831
0.140367
0.338523
0.795635
-0.152558
-0.37052
0.0353886
0.376993
0.0443653
-0.457597
-0.329598
0.0841105
0.296881
1.16168
0.327315
-0.216673
-0.122916
-0.0211916
-0.0697896
0.2993
-0.151013
0.136449
1.14721
0.196533
-0.356347
-0.0715592
-0.128737
0.423849
-0.240603
-0.118254
0.579063
-0.337364
0.257064
-0.450326
-0.192324
0.0670309
0.458083
-0.566849
-0.422688
0.0339762
0.18957
0.0793744
-0.142273
-0.363848
-0.124771
-0.204188
0.0885597
-0.112678
0.0529512
-0.172793
-0.0721065
-0.341189
-0.319984
0.401602
0.267338
0.160614
0.480066
-0.720789
-0.381585
-0.306638
-0.0332988
-0.214799
0.101051
0.129963
-0.342655
-0.706142
0.143901
-0.214652
0.479438
-0.258569
-0.0443953
0.330556
0.261894
0.175696
-0.270164
0.257661
-0.132364
0.0206263
0.0616201
-0.0368654
-0.186234
0.154937
-0.624046
0.0379351
-0.142932
-0.201032
1.03449
0.984905
-0.0104628
0.738304
0.0541936
-0.235261
-0.0298118
-0.130384
-0.0829796
0.0388137
-0.0268782
-0.0634336
-0.0634652
-0.325407
-0.0186091
-0.336798
0.938888
0.00831649
0.0761134
-0.0219661
0.156
-0.0112147
0.125851
-0.0395425
-0.155418
1.09432
0.781228
-0.00524883
0.224
-0.067172
-0.00816803
0.661453
-0.129372
0.0104582
0.165165
-0.130792
0.287952
0.107035
0.150833
-0.133604
-0.0505948
0.0868472
-0.170768
0.278521
-0.304112
0.164382
0.0830604
-0.11972
0.072558
-0.0104543
0.244988
0.386941
0.475765
-0.610469
0.785776
0.371922
-0.333281
-0.227369
-0.0750831
-0.148381
0.0962185
-0.228568
-0.0949813
0.0909188
0.055107
0.287995
-0.0669157
0.364068
0.119391
-0.156727
-0.162516
-0.0566915
-0.395671
-0.527616
-0.0898381
-0.0599143
-0.0204583
0.238296
-0.0731742
-0.057153
-0.0961634
-0.143103
-0.0980797
0.0974597
-0.0656747
-0.340412
0.0751085
0.481384
0.280743
-0.193914
-0.0731722
-0.587869
-0.37998
-0.382061
0.542314
-0.03917
-0.475287
-0.495349
-0.120953
-0.0421242
0.0973463
-0.12978
0.12078
-0.19421
-0.211825
1.4072
-0.306067
-0.236848
0.0267083
0.0635732
0.798297
-0.0230879
0.134144
-0.560124
-0.396621
1.15315
0.170439
0.0473363
0.438106
0.704813
-0.227662
0.0481445
0.399619
0.00697311
0.108448
0.0459733
0.0728008
-0.121343
-0.101509
0.0657162
0.304104
-0.047866
-0.0720991
0.0624477
-0.0925523
0.006651
-0.714484
-0.0022104
-1.02478
-0.560173
-0.123963
-0.249518
0.272772
0.584971
0.0424199
-0.0501848
-0.566269
-0.121075
-0.0849324
1.15349
0.136436
-0.0596244
-0.172108
-0.13719
0.044404
1.03944
0.325234
-0.258981
-0.147246
-0.213173
-0.104763
-0.0213711
-0.0408426
-0.177893
-0.000383178
0.0627723
-0.26717
-0.192901
-0.177263
-0.132797
-0.344402
-0.452726
0.315981
0.899877
-0.0259328
-0.308689
0.0581091
-0.126133
-0.354302
-0.0839007
-0.249047
-0.0193383
-0.173328
-0.165975
-0.122243
-0.303608
-0.423193
0.0429451
-0.0358779
-0.567587
-0.109392
-0.147932
-0.093089
0.380368
0.379924
-1.12403
0.00207059
0.150651
-0.155971
-0.0677587
0.101531
0.0557152
0.0809317
-0.0454819
-0.0325489
0.101901
0.0286047
-0.182502
-0.184666
-0.173276
-0.0588459
-0.047437
-0.159429
-0.139585
-0.00726991
0.558202
-0.525808
-0.554384
0.242488
-0.0159087
-0.368432
0.786587
0.0261316
0.0559258
0.0188657
0.140371
0.0273731
-0.171445
-0.0782331
0.00338025
-0.158334
0.140468
-0.124283
0.325378
0.0142133
0.0946754
0.085214
-0.169242
-0.0446643
-0.17532
-0.114804
-0.157627
-0.533826
-0.395438
-0.122892
-0.24067
0.131704
-0.225507
0.000841049
0.019032
-0.0980443
-0.177238
0.138754
0.119635
-0.137259
-0.203051
1.16414
0.584513
0.272625
-0.294363
-0.26182
-0.107593
-0.0586381
-0.407367
-0.119809
-0.0323469
0.0250786
-0.201959
-0.297404
0.0878399
-0.214345
-0.255302
-0.0765051
-0.259543
-0.176379
-0.379521
-0.213762
-0.584799
1.14161
0.214574
-0.145489
-0.245679
-0.0851033
0.574826
0.284656
0.330489
0.217539
-0.100977
0.162157
-0.131338
-0.261575
-0.136727
0.157878
0.137104
0.165825
0.103096
-0.215822
0.184326
0.582666
0.155459
-0.219718
-0.145341
0.956618
0.351645
-0.323062
-0.211045
-0.227762
-0.192587
0.035018
-0.0193568
1.31644
0.184717
0.147495
0.0301214
0.304746
0.357281
0.138174
-0.235077
-0.161406
-0.322696
0.865591
0.244166
0.0594835
1.07424
-0.168609
-0.0908268
-0.156472
-0.353438
-0.312234
-0.361352
-0.349143
-0.390069
0.385883
0.0669872
0.0795917
0.0556184
-0.422795
-0.308361
-0.264875
-0.176128
0.146982
0.137974
-0.488323
0.252813
0.309979
0.618178
-0.144765
-0.214277
-0.165531
-0.103183
0.4801
0.341485
0.347473
-0.0422753
-0.023775
0.111209
0.497177
0.125143
-0.222728
-0.119048
0.0488002
-0.116503
-0.101101
-0.159581
0.0980941
-0.0498532
0.00751658
-0.0776548
0.0769898
0.157309
0.841739
0.190768
-0.104043
-0.0814622
-0.608536
-0.110523
-0.33618
-0.119786
0.222575
0.186752
0.443913
-0.0546782
-0.0595459
-0.0318271
0.091143
-0.628869
-0.254932
0.0854629
0.143269
0.548776
-0.0395629
1.03551
-0.283666
-0.686675
-0.063637
-0.393614
-0.0729201
-0.372906
0.111336
-0.0821834
3.93449e-05
0.192413
0.0119323
0.00460761
-0.0064028
-0.0336725
-0.137915
-0.141983
-0.123435
-0.284444
-0.154371
-0.47144
-0.0579278
-0.22734
-0.263152
0.276492
0.0884956
-0.216246
0.346099
0.219682
0.0393692
-0.0058896
-0.358317
-0.120725
-0.300294
-0.224525
-0.151174
0.172608
-0.0470906
0.0115088
-0.266834
-0.396977
-0.117183
-0.162473
-0.0667356
0.176695
-0.121247
-0.35467
0.312977
-0.209695
0.467437
0.553294
-0.0870218
-0.225043
-0.0137444
0.117956
0.499025
0.313012
0.00144054
0.133864
-0.0400401
-0.0132374
0.308011
0.139578
0.259111
-0.467508
0.371494
-0.335511
0.107854
-0.188522
-0.220115
0.138332
1.47099
-0.161838
-0.221578
0.048049
-0.210963
-0.211424
-0.178777
0.316866
-0.0989994
-0.0662739
-0.215405
-0.577418
0.0232501
0.230731
0.0183747
0.00398693
-0.272895
-0.0689629
-0.00453945
-0.237255
-0.0215555
-0.219034
0.234816
-0.18494
-0.379021
-0.199968
-0.430597
-0.121312
-0.45263
0.477859
0.269738
-0.158416
0.186533
0.0259624
0.179859
-0.0771261
-0.183529
-0.0815884
-0.205459
-0.0391559
0.512732
-0.500543
-0.200989
-0.203952
-0.350855
0.240418
0.120468
0.0101193
0.343781
1.20836
0.795632
0.681087
0.293895
-0.151049
0.124285
-0.0078276
-0.0109245
-0.133068
0.027888
-0.344837
-0.226833
-0.10399
-0.0710681
0.248225
0.093325
-0.456701
-0.234928
-0.262748
-0.232249
-0.276947
-0.0622126
-0.0138545
0.0845466
-0.180293
0.136146
0.0824724
0.0630877
-0.553436
-0.349789
0.0464148
-0.0996194
0.0283346
-0.125822
-1.01113
0.143343
-0.0119543
-0.281305
-0.895225
-0.374055
-0.374659
-0.245451
-0.126592
-0.0717694
-0.0807467
0.436254
0.314907
-0.201456
0.304002
-0.199693
0.116776
-0.245649
-0.225411
0.0385334
-0.199706
0.223927
-0.0103858
0.0108938
-0.0685851
-0.301536
0.212418
0.0502369
-0.257664
-0.13253
-0.0349021
-0.0914935
-0.0672891
-0.37778
-0.0637002
0.00570522
-0.492507
0.435818
-0.424061
-0.108946
0.0252226
0.0078263
0.0126317
0.705292
-0.126133
-0.213058
0.315822
-0.94428
-0.188708
-0.276941
-0.7717
0.329157
-0.259227
0.0619599
0.681971
0.202734
0.124613
-0.0868651
0.240606
-0.0869623
0.738187
0.0216488
-0.511512
-0.0863957
-0.0638811
-0.287857
-0.407274
-0.339138
-0.342675
-0.879538
-0.0111284
-0.0720304
-0.364893
-0.139758
-0.160279
-0.0328886
-0.144972
-0.140394
-0.100078
-0.0500127
-0.0288306
0.0127863
1.0098
1.41912
1.2173
0.631285
0.574686
0.736088
0.0227871
0.0739646
-0.044316
0.0261414
0.189712
0.0323197
-0.279603
-0.337036
0.578561
0.181318
-0.63163
-0.399389
-0.213327
0.472785
-0.155444
-0.229207
0.0748342
0.0126579
-0.277217
-0.533865
-0.515886
-0.005539
0.0157552
0.000564206
-0.0304366
-0.149338
0.200987
-0.0292691
-0.109034
-0.263384
-0.480592
-0.229753
0.362235
0.0312381
0.165374
0.298434
0.712459
0.15342
-0.170504
0.406979
0.339127
0.0163412
0.250523
1.30378
0.106937
0.260472
0.536485
0.0923812
-0.0320354
-0.660061
-0.174032
-0.0960243
-0.464545
-0.248067
-0.0269528
-0.576378
0.0606597
0.268907
0.0170518
0.102452
-0.0422028
-0.117899
-0.062197
0.176602
0.210292
-0.0729736
-0.0545708
0.156741
-0.291197
-0.0140376
-0.188639
-0.0652417
-0.0407819
-0.119764
-0.0944458
-0.238981
0.324603
-0.113972
0.751693
0.256395
-0.14821
-0.386638
0.169761
-0.0249876
-0.318848
-0.452624
-0.212214
-1.01647
0.883641
-0.165257
0.459713
0.0564716
0.201964
0.0470118
0.513577
0.134504
0.338223
0.0735771
-0.395232
0.00338025
-0.208569
-0.0147937
-0.0193413
-0.0254153
-0.007101
-0.22524
-0.352395
-0.0829796
-0.261538
-0.180852
-0.0585851
0.00069288
0.18254
-0.563529
-0.00421746
0.0271776
-0.0911209
-0.0231897
-0.364952
0.0687523
-0.254381
-0.0191581
-0.0307717
0.0868124
0.0305965
0.0792684
-0.335901
-0.159167
-0.025159
-0.0937502
0.917126
1.49357
-0.113535
0.136433
0.254342
-0.23589
0.506039
-0.283639
0.0269363
0.0829361
-0.387756
0.123482
0.148049
0.150417
-0.205328
0.01206
-0.499207
0.058878
-0.210679
0.0602396
0.0303913
0.0859331
0.534876
0.0361466
-0.285654
-0.337895
0.0332124
-0.0681157
-0.0964621
-0.478744
-0.43532
-0.291013
0.15337
-8.63901e-05
0.00902738
0.103464
-0.220436
0.0714526
-0.137264
-0.00556734
0.386648
-0.0212677
0.334914
0.129844
0.0278677
-0.182933
-0.0680921
-0.238609
0.0279824
-0.0275126
-0.219761
-0.632146
0.0232455
-0.266252
-0.259764
-0.217801
-0.198482
-0.107627
0.0823672
0.00449674
-0.495123
-0.333777
-0.00251156
0.251829
-0.00736952
0.156433
0.478805
-0.325462
-0.156097
0.318608
0.0348311
-0.421777
0.157626
0.0840283
-0.208279
-0.153668
-0.0694771
-0.330469
0.306475
-0.365319
-0.241616
0.054594
-0.0617037
0.0629502
0.208685
-0.146466
-0.22736
0.000952129
-0.0366654
0.14444
-0.112399
-0.00614905
-0.427984
-0.322915
-0.22036
-0.262604
-0.394102
-0.266537
0.28438
-0.143821
-0.251266
-0.0133145
0.00595368
0.344228
0.11485
-0.197557
0.0389817
0.427385
-0.0921082
0.0937483
0.0315797
0.315342
1.25622
-0.0429252
0.00668042
0.120134
0.447538
0.0133815
0.0492028
-0.217833
-0.313079
0.090269
0.033548
-0.0632162
-0.235453
0.0513276
-0.28804
-0.0548816
-0.0825227
-0.18846
0.318521
-0.0835262
0.0012517
0.0526398
0.190502
0.364786
-0.268717
-0.0106199
-0.0651148
0.788994
0.494292
0.556849
0.799166
0.175482
0.0670462
0.116554
0.568471
-0.112326
-0.0957808
-0.220288
-0.194606
-0.0591408
-0.19664
0.0796407
0.0744647
0.75363
0.340877
0.0465235
-0.321792
-0.147957
-0.147825
0.104183
0.481776
-0.979213
-0.271002
0.160307
0.469862
0.228446
-0.0393256
-0.130781
0.170881
0.16829
0.0351018
1.45265
1.05675
-0.0811186
-0.0547091
-0.0381025
0.0167139
-0.166215
-0.0765842
-0.063384
-0.241446
0.0129818
-0.266781
-0.29751
-0.190497
0.0558129
0.0896275
-0.120514
-0.0221377
0.279834
-0.487421
-0.0826766
0.0563855
-0.0433569
-0.113875
0.771868
-0.205381
-0.0113734
-0.0287923
-0.0204168
-0.0863593
-0.308734
0.0710164
-0.249923
0.00376074
0.00456232
-0.123295
-0.0750773
0.198891
-0.0362175
-0.0339567
-0.201871
-0.429033
-0.0284159
0.0695672
-0.641791
0.0416829
-0.403962
-0.198342
-0.366239
-0.171617
-0.183323
-0.294157
-0.161151
-0.53346
-0.0260747
-0.0487655
-0.0528255
-0.283799
-0.0223696
0.25276
0.163338
0.0130044
-0.171855
-0.220897
-0.0832243
-0.17806
0.832887
0.0594373
-0.116986
-0.626725
-0.335612
0.0344804
0.661769
0.143095
-0.195577
-0.303826
-0.0633278
-0.15929
-0.257298
-0.0304678
0.708363
-0.194537
0.102657
0.365056
0.101865
0.0848117
-0.353195
-0.345471
-0.208571
-0.151886
0.105508
-0.514973
0.826457
-0.0788121
-0.00448387
0.144142
-0.124069
-0.143778
-0.286492
-0.170349
0.130411
0.0316395
0.107314
-0.0153058
-0.229977
-0.117378
0.219415
0.995825
0.157924
0.200818
0.0588543
-0.378666
0.179157
-0.144304
-0.202996
-0.0215271
0.129275
-0.194182
-0.383335
-0.0621835
-0.0690506
-0.352969
-0.308067
-0.0728793
0.0610615
-0.0189649
0.0276761
-0.226292
-0.110978
-0.14385
-0.103414
-0.321908
0.0476015
1.20559
-0.215067
-0.269993
-0.0807117
0.365475
0.28274
-0.109016
0.283829
-0.0326645
-0.377809
-0.494436
-0.222027
0.538485
0.829541
0.219756
0.208622
-0.0281837
-0.260188
0.417687
0.174487
-0.0477223
-0.150356
0.444934
-0.36332
-0.49896
-0.138459
0.142436
-0.0287169
0.277072
-0.113044
-0.181163
-0.149494
0.535322
0.164752
-0.419843
-0.0741068
-0.327064
-0.332614
-0.250526
-0.257952
0.781418
-0.0169883
0.0900206
-0.281722
-0.370385
0.897179
-0.0952087
0.377081
0.290361
-0.276446
0.0707534
0.388501
0.0581964
0.00286727
0.0647387
-0.0619951
-0.163299
-0.428039
-0.366535
-0.136621
1.21235
0.155728
0.506433
-0.411398
0.00332143
-0.00698932
-0.0843005
0.183249
-0.0737151
-0.0255496
-0.275753
0.401858
0.32346
0.250724
-0.185201
0.0906511
0.135516
0.234146
-0.126033
-0.374624
-0.195347
-0.163161
0.426982
-0.216506
-0.238683
-0.471088
-0.0947454
0.0386747
0.0824563
-0.0260543
-0.186409
0.720609
-0.032859
0.0212985
0.0377125
0.0237227
-0.141511
-0.24182
0.0392905
-0.184534
-0.0377293
-0.212054
-0.315165
-0.0613116
-0.299433
-0.0174682
0.375704
0.140217
-0.204821
-0.512962
-0.0931364
-0.149643
-0.0191408
0.148387
-0.11104
0.120946
0.461869
0.00873886
0.0162187
0.163224
0.36654
-0.0119735
-0.0565848
-0.0284868
0.0123004
0.225214
0.223884
0.0464953
0.264996
-0.0279993
-0.0074581
0.0223925
-0.259289
0.0278281
0.00683879
0.279068
-0.054606
0.112946
0.57839
0.231005
-0.0265613
0.00651413
-0.276043
-0.344812
-0.0235424
-0.0528272
0.0550766
0.0596773
-0.507286
0.00476792
-0.010321
-0.177593
0.0225306
-0.0327943
0.0184954
-0.209064
-0.464025
-0.250108
0.00465694
1.16058
1.38859
0.0070868
-0.164774
-0.101949
0.691994
-0.00125612
0.216631
0.00452708
-0.141163
0.0474641
-0.0220094
-0.238524
0.134623
-0.9465
-0.053374
-0.467111
-0.10319
-0.190573
0.0788888
-0.33402
0.226852
-0.476814
-0.193562
0.0283542
-0.270674
0.156804
-0.0169689
-0.369809
-0.545076
0.300114
-0.0357756
0.141995
0.116342
0.0195499
0.101202
0.177935
0.0147344
-0.0450157
0.212279
-0.0497867
-0.699072
-0.378134
-0.168448
-0.580888
-0.349545
0.0599714
0.165813
-0.0482926
0.0225839
0.143276
0.291064
0.087009
-0.0223381
0.422578
-0.189505
-0.129605
-0.270246
-0.0619458
0.116517
-0.174668
0.196263
0.227596
-0.307205
0.0490255
-0.218204
0.308917
0.400989
1.2476
-0.8859
-0.557632
-0.140311
-0.509515
-0.168246
-0.330477
-0.04364
0.0606597
-0.0450529
-0.273756
0.148307
-0.0547284
-0.153683
0.00902986
0.125744
-0.123687
-0.0299149
-0.0711085
-0.247117
-0.323419
0.0328972
-0.307669
-0.139793
-0.393273
0.392672
-0.0237177
-0.0524487
0.0167464
0.00118407
-0.298596
0.0156452
-0.321112
-0.0271921
0.244712
-0.334902
-0.477617
-0.217075
-0.427223
-0.401469
0.485351
0.184693
-0.169135
0.00739322
-0.0294669
-0.148697
-0.193732
0.105901
-0.618887
0.423017
0.257339
0.135348
-0.505529
-0.685906
1.03639
0.176018
0.128365
-0.0941092
-0.268141
-0.824997
-0.137862
-0.578904
-0.157093
0.00865543
-0.103547
-0.615775
-0.44594
0.0291003
-0.304139
-0.0548716
-0.189597
-0.487334
0.0304157
0.0699563
-0.0554016
-0.0352542
0.00175777
-0.137991
-0.00110363
-0.103
0.00956565
0.124901
-0.266826
-0.41752
-0.242574
-0.246175
-0.16813
-0.294488
-0.125186
-0.126931
0.196683
-0.472568
0.313958
0.170945
0.0778051
-0.185956
-0.00856432
-0.0395642
-0.114082
-0.0999716
-0.163197
-0.184254
-0.156948
-0.133778
0.117402
0.361349
0.337026
-0.723398
0.0295696
0.0528643
0.060507
0.14384
-0.180263
0.393931
-0.0109181
0.204625
-0.310629
0.180346
-0.140305
-0.263864
-0.0347015
-0.0351312
-0.174357
-0.252814
-0.130193
0.116582
-0.283213
-0.944321
-0.182719
-0.343495
-0.0251965
-0.138888
-0.060195
-0.161432
-0.0999653
0.286548
0.238643
0.345261
-0.460761
-0.417103
0.0216958
-0.17915
-0.0160025
-0.128135
0.0436517
-0.235471
-0.283796
-0.226227
-0.212695
0.26395
-0.210133
-0.17989
-0.232838
0.155315
-0.123751
1.12033
0.455622
0.327668
0.215614
-0.415271
-0.254898
0.00714665
0.0700312
-0.2757
-0.675628
-0.605858
-0.34577
0.251669
-0.0537723
0.0563107
-0.350218
-0.0926416
-0.175929
-0.158565
0.130012
0.0982458
-0.0563206
-0.0340831
-0.462978
-0.228861
0.392684
-0.119801
-0.119942
0.159152
-0.354394
-0.177098
0.0832769
-0.0498172
-0.155273
-0.12856
-0.0727202
-0.163975
-0.318964
-0.374795
-0.373076
0.0641877
-0.378605
-0.489808
-0.493192
-0.451517
0.0774498
-0.122
-0.0290819
-0.143844
0.174545
0.211199
-0.217339
-0.0693142
0.170206
-0.503918
-0.101396
-0.167028
-0.23148
-0.685962
-0.279802
-0.138827
0.3257
0.781433
0.517835
-0.180858
-0.121898
-0.266133
-0.112561
-0.213007
0.187348
0.530865
-0.0240017
0.171352
0.28805
0.0848245
0.0333171
-0.0995169
-0.0857761
-0.303356
-0.473181
-0.096441
0.222468
0.894167
-0.107208
-0.83292
-0.157382
-0.620825
-0.0336791
-0.492183
-0.109852
0.257044
0.0388459
0.115989
0.219048
0.00144054
-0.116096
-0.537521
-0.272845
-0.152922
-0.0281928
0.342757
0.17991
0.0176896
0.0427664
0.283506
-0.223171
-0.155795
-0.0155595
-0.554198
-0.120214
-0.266395
0.181505
-0.471894
0.0750135
-0.095319
0.293115
-0.193036
-0.130385
-0.165705
-0.36382
0.535901
0.0938576
-0.0501393
0.0599344
-0.0248316
0.295664
0.0211278
-0.156252
-0.302919
0.26091
-0.188762
-0.0932648
-0.310843
-0.223621
-0.0754443
-0.500112
-0.120868
-0.0743794
-0.369294
-0.126081
-0.136381
0.165075
-0.35513
-0.146889
-0.186314
-0.253883
-0.2772
-0.217843
0.67854
0.160643
-0.252309
-0.174563
0.123184
-0.174314
-0.133656
-0.161867
-0.192431
-0.199828
-0.0122508
-0.0623838
-0.207539
-0.20242
-0.201811
-0.165004
-0.421448
-0.0993849
0.0430436
-0.127965
0.984157
-0.138112
-0.12179
-0.0971683
-0.198956
0.0465133
0.105217
0.429533
0.843207
-0.105559
-0.153638
-0.209179
-0.192226
-0.076743
-0.48685
-0.219909
0.2209
-0.278601
-0.977832
-0.271645
-0.309329
0.214633
-0.00480019
-0.0908586
-0.0556753
-0.256461
-0.267555
0.0254624
0.112631
0.4597
-0.148524
-0.043199
-0.255593
0.0704597
0.0802236
0.0452847
-0.15215
-0.257003
-0.359506
-0.426217
-0.122001
0.0964298
0.0564694
0.179475
-0.105704
-0.0946764
0.110806
0.0292019
-0.0644347
-0.23053
-0.0419446
-0.222193
-0.0256075
-0.0983545
0.718477
0.0360732
0.0358305
-0.104609
-0.105256
0.519018
-0.015334
-0.0623816
-0.410908
0.93633
-0.0920748
-0.305693
0.726244
0.0288474
-0.134573
-0.0954962
-0.0639697
0.0513175
0.0312353
0.00260417
-0.142673
-0.170878
-0.0961953
-0.0151087
-0.0591825
0.621454
0.568404
0.24139
0.0304112
0.0505985
-0.5051
-0.241368
-0.343564
-0.401302
-0.265161
-0.0279715
-0.0341256
0.0479971
0.352509
0.0223794
-0.366976
-0.190519
-0.265936
0.0665194
-0.0791077
0.0403304
-0.0452817
0.575992
-0.267423
-0.049134
0.0262142
0.209469
0.119357
-0.243561
-0.111804
-0.709419
-0.692339
-1.09543
-0.971932
0.00675184
0.0344168
-0.165212
0.352734
-0.0595862
-0.423609
-0.25539
-0.064979
-0.0566756
-0.439313
-0.654174
-0.139261
-0.0227065
0.265512
0.0912806
-0.0206091
-0.0666203
0.164068
-0.26973
-0.0798778
-0.382853
-0.149414
0.358261
0.437291
0.0690063
-0.470769
-0.0386054
-0.271813
-0.134455
0.331202
-0.128441
-0.677161
-0.0924528
0.304135
0.0540657
0.914038
0.440375
-0.154506
-0.0355418
-0.748677
-0.217512
0.123919
0.342537
0.0500627
-0.368497
-0.182094
0.144464
0.23283
0.285372
0.146539
0.0827067
-0.0375786
-0.011866
0.110321
0.236751
0.267792
-0.157124
0.112234
-0.163414
-0.598549
0.254413
-0.358539
-0.213456
-0.577175
-0.602489
0.0597528
0.122888
0.79193
0.126557
0.176843
0.189115
0.132875
-0.0735309
0.451324
0.0254313
0.287999
0.961682
-0.134075
0.417985
0.0842014
0.264676
0.147469
-0.237697
-0.522155
-1.01762
-0.242488
-0.0469936
-0.63702
-0.262387
-0.246353
0.606316
-0.0923414
-0.435461
-0.235342
-0.178846
-0.230086
0.0643175
-0.0741547
-0.0371152
-0.200093
0.0535059
-0.102874
0.425223
-0.0536646
0.250087
0.371796
-0.0519309
-0.188428
0.190368
-0.14445
-0.0313937
0.00544235
0.0944062
-0.0766899
-0.385745
-0.300238
-0.200257
-0.598437
-0.136676
-0.0838108
0.0130696
-0.0303961
-0.165817
-0.296648
-0.281576
0.102523
-0.118448
-0.198648
-0.438577
-0.0293524
-0.193769
-0.286559
-0.54428
-0.0953032
-0.668835
-0.333699
-0.53927
-0.267996
-0.268849
-0.0186686
-0.000431708
-0.221893
-0.269198
-0.148042
0.249331
-0.0861231
-0.343117
0.363767
-0.0114142
-0.0757688
-0.902278
0.643884
-0.351286
-0.22779
-0.215735
-0.15705
-0.130339
-0.224786
-0.23851
-0.260521
-0.0874725
0.0327902
0.0573222
-0.178255
-0.256848
0.812816
1.01201
0.655037
0.0372809
0.870755
0.130416
-0.00614587
-0.503041
-0.393926
-0.0772812
-0.0525762
0.933338
0.189463
-0.0384577
-0.129318
-0.0175382
-0.0595282
0.454871
0.869928
0.0165675
0.40155
0.379171
-0.443984
-0.305112
0.125475
0.0223862
-0.0243663
0.0548759
-0.0481102
0.274029
-0.3254
-0.238564
-0.160554
0.0936508
-0.283708
0.179562
0.319297
0.17305
-0.184308
-0.385848
-0.350745
-0.0526967
-0.256883
-0.176366
-0.02925
-0.0861579
-0.167501
-0.0479912
-0.638117
-0.693528
-0.289086
0.0561996
-0.0112863
0.1309
-0.168246
-0.234353
-0.487833
-0.520296
1.18793
0.873388
0.0135372
0.205369
-0.037452
0.00180552
-0.273136
-0.227002
-0.0903407
-0.156793
0.0353604
-0.365698
-0.503185
-0.000838894
0.209774
0.0702365
0.140446
-0.032762
0.154898
0.236354
0.0149906
-0.0673725
0.153954
-0.257233
-0.112332
-0.0458831
-0.230079
-0.241756
-0.0837408
-0.178794
-0.33314
-0.0529052
0.0896397
0.890261
0.863864
0.107773
0.269983
0.138168
-0.0578952
0.331297
-0.37546
0.0675008
-0.175301
-0.164195
0.0720855
0.0729139
0.0863148
-0.17548
0.162955
-0.561895
-0.114565
1.06453
0.287583
-0.0336002
0.0600182
-0.323958
0.0654022
-0.0500656
0.182522
-0.311523
-0.496665
-0.347773
-0.306007
-0.076523
-0.16246
-0.869411
1.14726
-0.0904638
-0.14346
-0.424878
1.0644
0.257853
-0.189177
-0.235656
-0.266937
0.347497
0.0305602
-0.467982
0.0313153
-0.762178
0.000340319
-0.308786
-0.269346
-0.331244
-0.235916
-0.312107
-0.225572
-0.29036
-0.156287
-0.0506795
-0.309545
-0.268556
-0.0211612
0.363798
-0.0743247
-0.109034
-0.525629
-0.478738
-0.34607
-0.156875
-0.445351
-0.084663
-0.0812747
0.192697
0.0303082
0.510598
0.138287
-0.00775958
-0.154788
-0.0604655
-0.536127
-0.345492
-0.0647958
0.0107015
0.442832
0.079523
0.137006
0.355977
-0.092611
0.0241484
0.49248
-0.0748774
0.0537673
0.540122
-0.199878
-0.0555458
-0.17751
-0.0904911
-0.208857
-0.244692
-0.261373
0.274001
0.0463325
0.136175
-0.00450333
-0.00557059
0.309765
-0.162464
-0.283601
-0.082327
-0.121276
-0.283663
-0.310831
-0.0758985
-0.106491
0.0364962
0.0955688
0.159412
0.399063
0.0470052
-0.372905
-0.0279715
-0.0569133
0.310783
-0.0168443
-0.856177
0.100088
-0.706728
0.139025
0.0786022
-0.30532
0.0737472
-0.189922
-0.491996
-0.411523
-0.17774
-0.136516
-0.144847
-0.182132
-0.1494
-0.0355524
-0.436176
0.210689
-0.00545912
-0.934482
-0.00901514
-0.0473925
-0.0256085
-0.0616443
-0.152848
-0.135077
-0.0909485
-0.11598
-0.0680476
-0.116481
-0.0362662
-0.061322
-0.0999819
-0.368542
-0.211356
-0.00335676
-0.00379835
-0.336655
-0.277519
-0.183442
-0.346754
-0.180408
-0.681477
-0.0135068
0.154345
-0.0508299
-0.33965
0.770858
0.00749994
-0.0321122
0.137264
-0.328206
0.296866
-0.273387
-0.191537
-0.075624
0.149331
0.200022
0.0118408
0.282249
0.168137
-0.698617
-0.154256
-0.303078
0.220643
-0.00135709
0.354572
0.0824121
0.0472509
0.00639345
0.724837
-0.0953447
-0.119755
-0.260577
0.448829
-0.28842
0.122794
-0.277617
-0.60671
-0.213478
0.409489
0.446171
0.345319
0.179453
-0.109773
-0.0660951
0.00578211
0.187618
0.0277485
0.00285766
0.28131
0.759672
0.691865
-0.0122054
-0.191185
0.186213
-0.351825
-0.0544122
-0.348474
0.897507
-0.0541111
-0.107832
-0.208365
0.0182953
-0.0418075
0.015623
-0.218277
-0.192791
0.418307
0.368894
-0.294518
-0.611894
0.0508226
-1.10759
0.524595
0.622828
0.627352
0.260266
0.338751
-0.0957562
0.506978
-0.170614
-0.174332
-0.315057
-0.265049
-0.0970151
0.0833519
-0.170235
-0.0770302
1.18423
-0.0398947
0.78696
0.325597
0.216903
0.0974692
-0.270066
-0.137669
0.0476378
0.109281
0.638426
0.615565
0.168805
-0.274822
-0.401554
-0.270139
-0.049712
-0.166298
-0.031662
0.0292308
0.125532
-0.0113955
0.426613
-0.0475562
-0.23345
0.103033
-0.263915
0.489587
-0.179626
0.171429
-0.41052
-0.187272
-0.486416
-0.0594641
-0.228361
-0.309842
0.148604
-0.731891
-0.0265188
0.0801219
-0.194515
0.095541
-0.122881
-0.142226
1.16083
1.2356
-0.393476
-0.273882
0.44426
0.563645
0.34408
1.26174
-0.0357609
0.167315
-0.0703712
-0.0382909
0.0999018
-0.188385
-0.0978383
-0.0663197
-0.258901
0.38899
-0.478865
0.14411
0.129339
-0.655699
0.615281
-0.299291
-0.50227
-0.481214
-0.281855
0.237485
-0.192399
-0.257463
-0.362494
-0.342424
-0.369211
-0.331956
1.14436
-0.113962
1.2158
-0.409042
0.235664
0.140438
-0.322557
-0.411781
-0.284508
-0.338488
-0.242745
-0.106947
-0.0889348
-0.51662
0.0880717
0.0126542
-0.176005
-0.0696308
-0.681079
0.322458
0.00968774
-0.100708
-0.0165898
-0.0226837
0.00743404
0.100442
-0.333474
0.750067
-0.232899
-0.267078
0.282325
0.560598
0.380993
-0.0128701
-0.0837186
0.163851
-0.807179
-0.270123
-0.13614
0.243053
-0.00680905
-0.126344
0.031674
0.103766
-0.0915798
-0.145277
0.197094
0.148569
0.0717241
-0.0874282
-0.435736
-0.746551
0.304206
0.510479
-0.290351
-0.150385
-0.0568528
-0.038967
0.00570491
-0.0970892
-0.171453
-0.329127
-0.136748
-0.0473589
-0.122582
0.0360024
0.401267
-0.0415869
-0.215306
-0.346327
-0.138497
-0.156011
-0.227501
-0.556001
-0.267662
-0.0387679
-0.260404
-0.215976
0.106795
-0.576874
-0.20454
-0.140041
-0.164977
0.0530246
-0.253266
-0.0612603
-0.166572
-0.102898
-0.560592
0.218305
0.118734
-0.317354
-0.113225
0.0166589
-0.238445
-0.212826
-0.0606285
0.524222
-0.129817
-0.0324653
-0.56576
-0.328488
0.0644915
0.173946
0.637883
0.311717
0.0553509
-0.466171
-0.100244
0.159506
0.239981
0.0952701
-0.0975058
-0.0583931
7.00418e-05
0.0148069
0.046746
-0.0325701
-0.0214716
0.0835008
0.166049
-0.087618
-0.110847
-0.127465
-0.00110254
-0.12503
-0.125584
0.098691
-0.171558
-0.0749505
-0.0803811
-0.0561172
-0.237912
-0.0312341
-0.720746
-0.105131
-0.104761
-0.284738
-0.379289
-0.0535699
-0.202946
-0.0161999
-0.211692
-0.0117092
0.166368
-0.011938
-0.0902067
0.112159
0.27575
-0.333677
-0.0988532
-0.0664387
-0.123607
-0.0110067
0.791099
0.815158
0.194353
-0.373426
-0.761476
-0.218966
0.158008
0.35286
-0.0367986
-0.257733
0.0280781
0.449624
-0.317362
-0.0787051
0.100325
0.137974
0.190545
-0.632657
0.103428
-0.162156
-0.145909
0.175659
0.0664183
0.161425
0.413549
-0.581554
0.10302
0.8398
0.66333
-0.0874674
-0.0660073
-0.377111
-0.193032
0.245733
-0.177859
-0.0129578
-0.128455
-0.0276929
-0.248826
-0.34523
-0.202915
-0.0159105
-0.171538
0.0437839
-0.0111044
-0.0776084
-0.334655
0.15674
0.503679
0.581194
-0.0332243
-0.235365
-0.141367
0.0208491
0.429224
0.177325
0.108124
-0.336843
0.151414
0.115627
-0.0201887
0.309676
0.20009
-0.0677081
-0.191207
0.0407326
0.187826
-0.178486
0.0270487
-0.0584234
-0.0788503
-0.309464
-0.228895
-0.116193
-0.0862969
-0.229669
0.969909
-0.168904
-0.0832537
0.0454745
-0.359246
-3.81835e-05
-0.465828
0.550288
-0.226447
-0.176126
0.15034
0.00681325
-0.0352447
1.14603
0.171462
-0.00489367
-0.0977028
-0.191769
-0.230814
-0.405777
-0.301315
0.0945718
-0.295705
-0.390858
0.169473
-0.185642
-0.310658
-0.180544
1.17442
0.0595886
0.0389382
-0.176273
-0.474197
0.0319873
-0.0796418
0.126795
0.174191
0.032093
-0.575849
-0.0214087
-0.341092
-0.108975
-0.715552
-0.182181
0.0099401
-0.255284
-0.480417
-0.0620613
-0.198212
-0.513027
-0.223828
0.0824108
0.0539875
-0.141592
-0.135337
-0.189816
0.0536886
0.0439744
-0.111886
-0.331499
-0.280853
-0.350939
0.186369
0.104069
0.486154
-0.152144
-0.620489
-0.028442
0.180089
-0.184476
-0.163818
0.0769536
-0.105547
0.172293
0.151315
0.0984922
-0.184275
0.200813
0.507706
0.0471664
0.283533
-0.188758
0.276899
-0.157882
-0.0294942
0.195922
-0.265059
0.17487
-0.325744
-0.0526889
-0.178674
-0.562951
-0.0764528
-0.145222
-0.156645
-0.755485
-0.592051
0.195819
0.243169
0.0335646
0.135513
0.0493327
-0.0655613
0.222072
-0.0238766
0.0150706
-0.0972752
-0.811208
-0.48215
-0.00798548
-0.0711631
-0.00370988
-0.227657
-0.272014
-0.276545
-0.13499
0.0563421
0.620179
0.383771
0.752635
-0.132976
-0.0654326
0.146011
0.097873
-0.18642
0.846863
0.158667
0.186152
0.159629
0.129122
0.0541936
-0.321462
-0.0343234
0.962688
0.237234
0.197273
-0.622815
-0.0667134
-0.188887
0.0172629
-0.271414
-0.0612985
0.485222
-0.142247
0.0992627
0.26739
0.441899
-0.0691032
-0.134964
0.0733267
0.146621
0.0676373
0.103438
0.0748404
-0.243927
-0.149681
-0.117839
-0.058438
-0.0951002
-0.378301
-0.0830924
0.0595485
-0.241365
-0.129525
-0.230519
-0.232961
0.0186068
-0.0260549
0.512945
-0.00834595
-0.0197742
-0.0582353
-0.0636189
0.00801998
-0.225647
-0.17989
-0.440869
-0.0636238
0.693587
0.0771592
-0.0604505
-0.22466
0.921568
-0.0568465
-0.0227407
0.133928
-0.293454
0.214985
-0.225166
-0.132794
0.0977003
0.886472
-0.45938
0.106833
-0.287642
-0.227223
0.16259
-0.377001
0.286776
0.0407544
-0.17417
0.122654
-0.183634
0.0570666
-0.156902
-0.482715
0.0273215
0.0812067
-0.441072
-0.488756
-0.297081
-0.121558
-0.376267
0.0558557
-0.199452
-0.0922437
0.0500268
-0.352809
-0.0601619
0.0741168
-0.342557
-0.0404694
0.712683
0.140332
0.0645506
-0.00603123
-0.204713
-0.301635
-0.388807
-0.146047
0.113505
-0.223687
-0.38616
0.461178
0.256866
-0.318103
-0.534232
0.288891
-0.200009
0.0297505
0.483172
0.472175
-0.0262717
-0.00219279
-0.0924947
-0.0759464
0.276008
-0.250953
0.158103
-0.10102
-0.0655752
-0.0401927
-0.051223
-0.36788
-0.116233
-0.123897
0.246179
-0.409161
0.818787
0.0361205
-0.283995
-0.196209
0.0788274
-0.595619
-0.146698
0.00849387
0.190776
-0.0305842
-0.141743
-0.302409
0.191806
-0.262236
-0.150497
-0.05144
-0.330307
-0.0670866
-0.0332771
-0.219818
-0.630834
-0.0926574
0.0399013
-0.0981077
0.321012
-0.534331
-0.26704
-0.260246
-0.494316
-0.359586
-1.03414
0.152988
-0.429981
-0.234541
-0.264459
-0.034181
-0.0221246
-0.0854426
0.67794
-0.0315405
-0.402273
-0.43491
0.0863783
-0.451429
-0.329042
-0.0801446
-0.0389806
0.469872
-0.0171731
0.263426
0.364527
-0.340503
-0.309806
-0.0859965
-0.205926
-0.364052
-0.153122
-0.386463
0.0259887
-0.150381
-0.276991
0.108597
0.184618
0.722918
0.691357
-0.666865
-0.118809
0.374848
0.734394
1.00111
-0.275344
-0.19081
-0.256094
0.278634
-0.298394
-0.0475034
0.524945
-0.286579
0.0616112
0.0583496
-0.055274
-0.0643559
0.065198
0.838691
0.747546
0.0670231
-0.371165
-0.636994
-0.118892
0.0913671
0.0547529
0.0375248
-0.357211
0.0633342
0.142366
-0.338906
-0.123494
0.0100028
-0.194348
-0.375242
-0.0796155
-0.247651
-0.105703
0.0440134
-0.0437718
-0.177157
-0.135487
-0.159153
-0.0583424
-0.0346425
-0.420446
-0.233801
-0.128994
0.0280908
-0.128346
0.076608
-0.13492
-0.295961
0.0709125
-0.469736
0.210421
0.0485416
-0.275583
-0.580632
-0.79706
-0.0414531
-0.118566
0.0634291
-0.53496
-0.490207
0.629979
-0.143063
0.240465
0.329731
-0.0805627
-0.175481
-0.136575
0.0599245
0.013915
0.306245
0.21539
-0.242622
0.136006
-0.313505
-0.161205
0.725238
-0.285733
-0.188164
-0.499167
-0.179035
-0.481436
-0.126945
0.0708648
0.349149
0.035406
-0.0537723
-0.0454878
-0.12235
-0.234781
-0.0765928
-0.396936
-0.267916
0.085997
-0.190235
-0.207318
-0.191952
0.722237
-0.577037
-0.159698
-0.405795
-0.0235539
0.31127
-0.00901039
-0.224365
0.0693088
-0.1541
0.5138
-0.098024
1.00463
0.504058
-0.0854242
-0.0372105
-0.193237
-0.0910338
-0.0514005
-0.181112
-0.292335
0.0370873
-0.450784
-0.225471
-0.0741304
-0.561888
-0.159551
-0.0365346
-0.256761
0.109177
0.143144
0.412563
-0.117553
0.0838513
0.476866
-0.00379835
-0.179262
0.156781
0.566558
1.05847
-0.0611397
-0.487713
-0.162516
0.0616326
-0.781574
-0.178709
-0.319018
-0.367729
0.0953961
-0.0990185
0.152724
-0.446605
-0.393858
0.253879
0.492048
0.110898
0.0945305
-0.0323294
-0.295752
-0.134186
-0.441257
-0.204132
-0.523626
0.180048
-0.136017
0.252172
-0.178042
-0.00144443
-0.0982753
-0.285932
-0.150208
0.611049
0.648289
-0.0918096
-0.0814568
-0.0941909
-0.22933
-0.257483
-0.284437
0.0429131
1.06079
-0.0121705
-0.126113
0.0146851
-0.0696114
0.194209
0.388156
0.312944
1.11521
0.80101
0.180503
-0.0226464
-0.382788
-0.504899
0.0945617
0.278632
0.0334013
-0.439853
-0.0872864
-0.253597
0.404245
0.280099
0.362329
0.727923
-0.528862
-0.0824047
-0.028959
0.357983
-0.382038
1.08208
0.381009
0.0791243
0.0676588
-0.028736
0.237961
-0.0735463
0.229397
-0.209754
0.104779
-0.268804
-0.218733
-0.0760841
0.279675
-0.178355
0.0758068
0.0547072
0.0525809
-0.140446
0.0634488
0.00268383
-0.191287
-0.129145
-0.434989
-0.0593157
-0.0127773
-0.242873
-0.2705
0.0693649
0.00671992
-0.12896
0.117206
-0.0411281
0.0732919
0.391023
-0.0855629
-0.164916
0.122812
0.113607
0.47016
-0.252416
-0.195866
0.0757026
0.359854
0.196251
0.668691
-0.02044
0.207838
0.0276945
-0.738346
-0.426193
0.127432
0.0512492
0.208312
0.144621
-0.103945
-0.163499
-0.18867
0.237706
0.0707993
-0.00936232
-0.436683
-0.496073
-0.0819899
-0.235109
-0.016622
0.00560235
-0.252749
-0.0633967
-0.238882
-0.27567
-0.122452
-0.16985
-0.0916467
-0.0689431
-0.0367986
-0.423511
-0.417193
0.219108
0.000167864
0.0733772
-0.237155
0.164077
-0.215225
-0.0569582
0.0833774
-0.528167
0.226501
-0.301353
-0.140623
0.0379273
-0.0915562
0.0173244
1.3456
1.00286
0.0409337
0.0254555
-0.0306392
-0.125196
-0.181538
-0.0957871
0.192599
0.0877166
-0.128737
-0.00509747
-0.0599266
-0.204604
-0.195752
-0.589217
-0.183243
-0.116494
-0.0810523
0.249177
-0.0765666
-0.0841992
0.2634
-0.365574
-0.208045
-0.0450505
-0.282943
-0.285233
0.575888
-0.0724871
0.0696793
-0.316293
0.00201386
-0.111152
-0.194239
0.728161
-0.159947
-0.145323
-0.0994832
-0.34752
-0.0387055
-0.350082
-0.408034
-0.267794
0.157884
0.151593
0.263325
0.442893
-0.0376566
-0.00207154
-0.227384
0.00444279
-0.159578
-0.00807714
-0.753812
1.00087
-0.35159
-0.119568
-0.29508
-0.548993
0.138134
0.0406679
-0.374476
-0.191382
-0.595325
-0.511759
-0.19964
-0.105982
-0.456767
-0.131408
-0.0349615
0.134504
-0.0916011
-0.0328473
-0.234473
-0.0316027
0.201249
-0.0474785
0.169015
0.119312
-0.187589
-0.00839409
-0.0828154
-0.212456
-0.0974389
-0.0554116
-0.120258
-0.328165
-0.196314
-0.0559763
-0.0400718
-0.152353
-0.00077188
0.146165
0.331673
-0.0293024
-0.355981
0.123939
0.367352
0.0101003
-0.247372
0.0119482
-0.0852207
0.119701
-0.0220634
0.00444279
-0.330534
-0.431933
-0.441169
0.144413
0.298732
-0.0890455
-0.0729872
1.2917
-0.667107
0.13173
-0.289216
-0.665993
0.105829
0.138308
-0.14774
-0.0729553
-0.341926
-0.0242052
-0.344174
-0.104764
0.0261648
-0.0919344
-0.262041
-0.172153
0.0745065
-0.156016
-0.0854621
-0.310812
-0.0427008
-0.116723
-0.323309
0.222712
0.0606464
-0.526564
-0.35075
-0.427486
-0.649772
-0.235846
0.0824121
-0.0214332
0.876458
0.212378
0.0978338
0.0336214
0.298038
-0.0103141
-0.437895
-0.135744
0.561515
0.424144
0.454076
0.141054
0.0632131
-0.0125934
0.113511
0.0350732
0.317212
0.318152
0.133015
-0.44229
-0.14385
-0.0485447
-0.0989677
-0.402557
-0.295685
-0.145676
0.252618
0.293478
0.238481
-0.0342034
-0.0859851
-0.157356
-0.139716
0.162311
0.220781
0.0545158
-0.19714
0.0719224
-0.111294
0.197622
-0.00134816
0.492897
0.467359
-0.252376
-0.0410632
0.140694
-0.0684624
-0.513382
-0.417416
-0.208235
0.149562
-0.0778455
-0.388838
-0.0524037
-0.474235
-0.744905
0.212911
-0.183445
-0.210791
-0.167464
-0.523449
-0.232536
-0.483818
-0.565564
-0.482365
-0.00998919
-0.0769705
-0.0958495
-0.606758
-0.0334467
-0.291997
-0.120199
-0.103889
-0.222825
-0.376552
-0.121969
0.413725
0.0291639
0.203714
-0.470715
-0.430326
-0.164196
-0.129454
0.0867709
0.547479
1.34047
0.00318567
0.158171
0.293983
-0.163961
-0.125359
-0.338971
-0.107857
-0.0400902
-0.0115886
0.0010183
-0.216226
-0.0290784
-0.35007
0.18778
-0.102299
-0.114064
0.01536
-0.0516101
-0.465014
-0.199535
-0.406868
0.205187
-0.305365
0.389076
0.130912
-0.913791
-0.0725142
-0.113693
0.209414
-0.0597271
0.0745564
0.0433807
-0.106044
-0.0823931
-0.154611
0.00972166
-0.178433
-0.0840467
-0.4221
-0.123342
-0.503098
-0.196545
-0.0579439
0.473533
0.0764782
-0.0897429
0.04459
-0.192123
-0.0368408
-0.113185
0.213381
-0.693046
0.449475
-0.0792272
-0.00243421
-0.0966127
-0.174735
-0.0265665
0.648836
0.191456
-0.445769
-0.396118
-0.169166
-0.128737
0.409257
0.314371
1.20078
0.249496
-0.446194
-0.635316
-0.191147
0.0240569
-0.0854026
0.113682
-0.423936
-0.438539
-0.221495
-0.0138833
0.169909
-0.0508799
0.339263
0.0945948
0.964947
0.409588
0.0241371
-0.166203
-0.0400105
-0.0230739
-0.283045
-0.107364
-0.42545
-0.108872
0.0218415
0.0597355
-0.358492
-0.250023
-0.0706416
-0.481993
-0.435794
-0.1168
-0.155201
0.0339429
-0.0108398
0.0746657
0.0247022
0.895177
0.287937
-0.0423655
-0.250037
-0.107493
-0.353677
0.383885
-0.1719
0.264178
-0.307244
0.179168
-0.28107
-0.0151165
-0.898434
-0.0556249
-0.188841
-0.547936
-0.246777
0.355042
-0.398546
-0.270317
0.436135
0.584502
0.506932
-0.0697268
-0.344642
-0.097751
-0.0700259
-0.108413
-0.224648
0.0270156
-0.36811
-0.108333
-0.0117673
0.169064
-0.119911
-0.675702
0.367572
0.341245
-0.0543857
-0.513777
-0.170227
0.0842835
-0.293332
0.0479686
1.31712
0.10163
-0.0128819
0.00839318
-0.0137826
-0.131492
-0.180936
-0.133264
0.43235
0.338462
-0.254473
0.0446483
0.485109
0.990152
0.158231
0.101176
-0.266981
0.187071
0.264748
-0.0370878
0.305813
0.23505
-0.369198
-0.165485
-0.0690796
0.0417988
-0.452923
0.0449587
-0.00948943
-0.019121
-0.0960886
0.0740278
0.109575
-0.241159
0.0283147
0.558043
-0.455747
-0.106436
-0.214194
0.275365
-0.000538399
-0.354421
-0.296431
-0.530786
0.330982
-0.183353
0.160338
0.26264
0.293682
-0.0846596
0.0184971
-0.293833
-0.292675
-0.0915953
-0.110812
-0.0336034
0.00851448
-0.0586393
0.559014
0.176984
0.876182
-0.788349
0.186858
0.640172
-0.391882
-0.289307
-0.0576183
-0.111367
-0.154432
0.386465
-0.0148096
0.529627
0.203659
1.24133
-0.0564309
-0.0332533
0.0244431
-0.102149
0.198225
-0.0295691
-0.642067
-0.605443
-0.2305
0.116678
-0.0110247
0.158911
0.0374157
-0.233181
-0.407491
-0.393258
-0.609094
-0.707954
-0.75619
-0.252141
0.000148612
0.459563
0.15183
0.94801
-0.111791
-0.164938
-0.0614689
-0.139817
-0.295637
-0.264315
-0.139389
-0.0274298
-0.109243
-0.308382
0.202559
0.272957
0.141743
-0.631632
-0.0939499
-0.278507
-0.128123
-0.0353279
0.366117
-0.400911
-0.173463
-0.122857
0.391819
-0.156931
-0.310423
-0.209137
0.229848
1.08707
0.154405
0.141376
-0.093295
-0.154184
-0.390425
-0.0760609
1.18685
0.399724
0.513253
0.171959
0.123189
-0.378055
1.18703
-0.219033
0.0182288
-0.284873
-0.103168
-0.384178
0.398591
0.222551
0.0692319
0.0571025
-0.032425
-0.0118262
0.0258021
-0.0986139
0.00822445
0.0280846
-0.103873
-0.0660551
-0.0909485
-0.394613
-0.325308
-0.238969
-0.196983
0.493387
0.445234
-0.21604
-0.298108
-0.429891
0.10609
0.189994
0.0546785
0.257166
-0.140439
-0.17833
-0.203983
0.102212
-0.0404939
-0.0720876
-0.359963
-0.0916658
-0.0797142
0.0468424
0.519557
0.8892
-0.885497
-0.555405
0.489644
-0.240694
-0.231238
0.444721
-0.127079
-0.441554
0.101632
-0.159931
-0.313242
-0.330756
0.0708353
-0.365526
1.19247
0.0253599
-0.0166779
0.0309638
-0.0636193
-0.112943
-0.0838949
0.178542
0.0237454
-0.0351502
0.231904
-0.216524
-0.263933
0.0843275
-0.0742053
-0.04546
-0.243318
0.218659
-0.294581
-0.327593
-0.0465747
-0.00547193
0.0907578
-0.13499
-0.0392059
0.45175
0.889965
-0.0842127
-0.293965
-0.21497
-0.319617
-0.475236
0.120257
-0.105444
-0.431883
-0.251191
0.206802
0.483573
1.16184
0.303248
-0.174912
0.298837
0.940459
-0.257728
0.117306
-0.617635
-0.147531
0.0549932
-0.297074
-0.0497087
-0.324392
0.402542
1.0123
0.270948
0.120726
0.071572
-0.126564
-0.139659
-0.134499
0.226757
0.127843
-0.299877
-0.129706
-0.0291759
0.358394
0.132731
-6.40207e-05
0.014628
-0.121702
-0.552914
-0.472211
-0.0613376
-1.01321
-0.247496
-0.0487387
-0.108534
-0.707014
0.0325517
0.296535
0.00269345
0.00247637
0.206534
-0.306427
0.0329604
0.0227786
0.104772
0.177123
-0.090712
0.0151814
-0.0482341
-0.229662
-0.258025
-0.207192
-0.248755
-0.123839
-0.0463756
-0.169763
-0.034978
-0.0303164
-0.0390545
-0.120224
-0.202714
1.15012
-0.084318
-0.215665
0.340697
-0.0408767
0.26035
1.07152
-0.129115
-0.0600121
-0.00132573
-0.216589
0.203846
1.07145
0.822908
0.585836
0.0185545
-0.255849
-0.140018
-0.0575795
-0.0931739
-0.0407104
-0.0869099
-0.00476237
-0.176985
-0.0628559
-0.244131
-0.134401
-0.11658
0.0765622
-0.0290151
-0.155
0.0660049
0.289394
-0.298621
0.0607203
-0.0354944
-0.534588
-0.0598117
0.305828
0.136248
-0.913622
-0.137945
-0.278048
-0.0889569
-0.0352501
-0.146638
-0.203791
0.00889592
0.32144
0.341339
0.0467581
0.270069
-0.0281362
-0.0454632
-0.268623
-0.424891
-0.151296
-0.577226
-0.404597
-0.287263
-0.389127
-0.0645451
-0.255535
-0.0928702
-0.0838948
-0.0281817
-0.341342
-0.0724516
-0.279139
-0.544184
-0.627736
-0.0549508
-0.167441
-0.315403
-0.0459852
-0.296252
-0.549147
-0.0744236
-0.0719947
-0.241225
0.22279
0.199832
-0.164711
-0.67393
-0.308533
-0.661229
-0.254302
-0.0204168
-0.284419
0.153449
0.459392
0.212137
0.593109
0.478203
-0.332422
0.040971
-0.0302689
-0.060967
0.498365
0.454416
1.31519
0.516914
0.167494
0.789371
-0.25285
-0.0528121
0.214703
0.506109
0.0351362
1.06296
-0.502464
-0.00793847
-0.0208913
-0.369222
-0.102737
-0.256767
-0.399046
0.0123688
-0.224529
0.00269551
-0.362421
-0.262955
-0.29918
-0.0408345
-0.0770391
-0.139157
0.135059
0.0575202
-0.000653517
-0.127066
-0.011866
0.288347
0.300185
0.308935
-0.305217
-0.2017
-0.0675592
0.162063
0.29149
0.170148
0.0131196
0.237517
-0.0608692
0.536411
-0.0187419
-0.017987
0.056723
-0.397384
-0.16664
0.202973
0.0415853
-0.340936
-0.37243
0.0373419
0.158071
-0.30898
0.0719254
0.785084
-0.0842189
-0.0537885
-0.116863
-0.200046
0.0929568
0.342802
-0.213096
-0.223341
0.0802627
0.0122885
-0.011061
-0.102123
-0.0944141
0.643101
-0.243401
0.204419
-0.264653
-0.0875422
-0.226647
-0.465062
0.22723
0.332853
0.127485
-0.106339
-0.159827
0.345913
0.488006
-0.0119543
0.333536
0.263373
0.447476
-0.253888
-0.140143
-0.118144
-0.21315
-0.0069956
0.0231706
-0.0577617
-0.103709
-0.13854
-0.183311
-0.391643
-0.394121
0.027803
0.153328
-0.392326
-0.322273
-0.189018
0.0311283
0.0375944
-0.17392
-0.102335
-0.00688666
0.240113
0.0209545
0.0144664
-0.317471
-0.104468
0.0400684
-0.0469658
-0.206334
-0.127246
0.246199
0.0317456
-0.214819
-0.132605
-0.301712
-0.56275
-0.517057
-0.0789315
-0.0680671
-0.306342
-0.0557528
-0.0973286
0.40984
0.0687523
0.653382
-0.0156569
0.00870841
-0.142995
-0.33027
-0.289862
-0.150466
-0.425684
-0.368968
-0.147692
-0.713462
-0.193274
0.455367
0.324384
0.0743326
-0.467848
-0.173952
0.139733
-0.00731045
0.242706
-0.148997
-0.0592653
-0.604751
-0.337891
0.0446186
0.178866
0.172846
0.020561
0.00138378
-0.0180462
0.0784793
-0.257812
0.0825858
-0.325462
0.10648
1.03586
-0.23902
-0.320903
-0.218569
-0.168261
-0.179675
-0.330933
-0.0545116
-0.186998
-0.0920994
0.126433
-0.061025
-0.0785853
-0.0812245
-0.0293524
0.0330731
-0.361661
-0.21086
0.0757133
0.0136129
0.79602
0.0289068
0.289758
-0.655912
0.371001
-0.149689
-0.350624
-0.115724
0.297449
-0.54083
0.132151
0.100572
-0.0931988
-0.196977
0.104917
-0.0486237
-0.309021
-0.176134
-0.231741
0.0126878
-0.302331
0.0808926
-0.172976
0.0170389
-0.0129524
-0.257799
0.326445
0.425828
-0.227348
0.0475705
-0.0676501
0.0998537
0.101285
-0.103395
0.239678
0.000543731
-0.211815
-0.126942
-0.0165294
-0.00564246
0.103769
-0.0475682
-0.0569568
0.0436892
-0.00379832
-0.106031
-0.145647
-0.991998
0.0144137
-0.00415653
1.00023
1.02428
0.654475
-0.200194
-0.354505
-0.0705764
-0.351451
-0.286757
-0.081072
-0.350201
0.133218
0.0111719
-0.232351
-0.253816
-0.102552
-0.0814846
-0.0158443
0.190596
-0.194613
-0.090894
0.173901
-0.0801403
-0.0230749
-0.0676003
0.149967
-0.429552
-0.0543364
0.32963
-0.159629
0.51198
0.00513051
0.0288215
-0.0888632
0.254366
0.614002
-0.277254
0.140925
-0.128472
-0.131406
-0.263593
-0.0876719
-0.168299
0.0407838
0.850725
-0.113354
0.517965
-0.151861
-0.272605
-0.269236
-0.0711112
0.154957
-0.149774
-0.132687
-0.125857
-0.306205
-0.3498
-0.180512
-0.117204
-0.106402
-0.495973
0.0201689
-0.235973
-0.0627762
0.972006
0.514334
-0.201327
-0.151225
-0.303662
-0.435512
0.15381
-0.0379899
-0.456236
0.214046
0.041299
0.0539569
-0.17143
0.00986238
-0.475178
0.16252
0.0137426
-0.177278
-0.410894
0.305745
-0.133877
0.106273
-0.0756047
-0.00603123
-0.0598151
0.10577
-0.122077
-0.0428775
-0.0567181
-0.134708
-0.102512
-0.133333
-0.111963
-0.233643
0.273729
-0.136609
0.106972
0.132556
0.193022
-0.114989
-0.274788
-0.533607
-0.141121
-0.479444
-0.221694
-0.00555661
-0.230661
-0.242764
-0.215076
-0.0797403
-0.0308748
-0.216738
0.457536
0.196978
0.369032
-0.0496968
-0.0751543
-0.00613479
0.0178397
-0.069564
-0.0161058
0.0286268
-0.0763077
-0.121251
-0.114777
