0.481457
0.248437
0.0839463
0.0261145
-0.10725
-0.181138
0.161643
0.951828
-0.038828
0.232997
0.776264
0.494929
-0.0506793
-0.00460174
0.00443156
0.0908991
-0.339056
-0.217651
-0.33472
0.172477
0.166419
0.060623
-0.180448
0.0533792
-0.203018
-0.0761527
0.00816567
-0.135427
-0.189656
-0.0588485
-0.181071
-0.0349627
-0.0497359
0.0481616
0.135506
0.151518
0.140689
-0.509109
0.00605008
0.0371486
-0.0687762
-0.0830207
-0.0111158
0.178126
0.0747863
-0.116439
0.0977171
0.0452095
-0.256482
-0.292982
-0.49028
0.106319
-0.461853
-0.0647866
-0.46501
-0.141039
0.108745
0.0592235
0.0746299
0.0322096
0.000248848
0.207522
-0.0585482
0.150039
-0.007522
-0.214634
0.620306
0.223357
-0.123891
0.0211765
-0.182752
0.022122
0.223182
0.0487792
0.114293
-0.368076
0.0136191
-0.197836
0.0605091
0.0193433
-0.358876
-0.368237
-0.168344
-0.0271812
-0.020531
-0.0691509
0.0277043
0.0933192
-0.0408696
-0.0173698
0.00531441
0.0361261
-0.0878158
-0.103104
-0.132436
-0.0523844
0.0424994
-0.065988
0.0117701
0.0345491
-0.0100509
-0.0659015
0.0719867
0.381811
-0.100099
-0.134425
0.142164
0.263988
0.169363
0.0219216
-0.0216631
0.0247106
-0.0506627
0.0996377
-0.161614
0.0366938
0.36153
0.262539
0.156388
0.0993733
0.341551
0.101533
0.497656
0.162308
-0.131993
0.0749496
-0.0483669
0.176475
0.223401
0.102866
0.225881
-0.152282
0.166843
0.0749348
-0.239279
-0.0526111
-0.014321
0.278004
0.150234
0.160431
0.123637
0.227329
0.355019
0.0190772
-0.00687977
-0.0864222
-0.347423
0.20319
0.244732
-0.272564
0.526226
0.0524236
0.311577
0.112961
0.0591309
0.321435
0.378938
0.0574369
-0.282541
0.102568
0.174133
-0.481055
-0.30127
0.0852743
0.0145848
-0.0132379
0.0677539
0.0523552
-0.178004
-0.012428
0.224363
0.459212
0.0360551
-0.0275647
-0.133399
-0.227012
0.0829284
0.0421037
-0.0943858
-0.530635
-0.122578
-0.103136
-0.406863
-0.108421
-0.070821
0.379428
-0.0151089
0.150992
-0.046558
0.280864
0.191873
-0.010915
-0.058806
0.0530781
0.0153068
-0.00195339
-0.0694194
-0.108239
-0.175284
-0.179996
-0.115344
0.0996177
-0.275363
0.0197025
-0.0347404
0.401223
-0.046356
0.0198095
-0.0208735
-0.0973374
-0.0279626
0.144071
-0.0865956
0.0138058
-0.00969556
-0.011466
0.0212139
-0.0498905
-0.0792216
0.173716
-0.084817
0.234766
0.00329584
0.401862
-0.165944
-0.0268131
-0.174554
-0.550773
-0.130552
-0.112567
-0.0376086
0.214881
0.188598
0.137538
0.174171
0.0118315
0.000586025
0.0413509
0.0780075
0.128874
-0.20527
-0.0111965
-0.0117272
-0.00170524
0.0442728
-0.038347
-0.107296
0.0814305
-0.162056
-0.538191
-0.0634485
0.0287378
-0.145737
-0.473201
-0.334198
-0.443317
-0.341127
0.0888879
-0.30607
0.246708
-0.175451
0.0822136
-0.0155466
-0.0213426
-0.16192
0.112547
0.00962237
0.301986
-0.0343232
0.0802631
-0.135776
-0.0848802
-0.20639
0.219282
-0.0517671
0.324368
-0.107942
0.0678176
-0.198842
0.092646
-0.0510119
0.35466
-0.0341943
-0.261727
0.0483654
-0.0951389
0.328246
0.177899
0.0419295
0.0413881
-0.212176
-0.240268
-0.151645
-0.609653
-0.0975512
-0.0162112
-1.01844
0.181044
-0.0192275
0.0562231
0.00993565
0.058915
-0.0665708
-0.343923
0.0214043
0.0363654
-0.143881
0.123111
-0.288264
-0.148359
0.255023
-0.155951
0.322171
0.823442
0.028529
0.220435
-0.0182713
-0.0315368
0.0177928
0.29627
-0.086692
-0.0454275
0.0586052
0.0312304
0.203043
0.044941
0.085206
-0.306749
-0.0726816
0.125746
0.105909
-0.0326167
0.12862
0.0795454
0.0340402
0.110389
-0.0254381
0.276571
-0.0443551
0.0222229
-0.0494672
0.290782
-0.0976793
-0.224083
-0.133958
0.331909
-0.0662253
-0.254046
-0.0082411
0.10039
0.0151913
0.100249
-0.0965265
0.0222717
0.12001
0.0797109
-0.1391
-0.025723
-0.321412
0.222451
0.0463919
0.0356221
-0.0937872
-0.0713255
0.0141395
0.0544232
-0.122578
-0.0491902
-0.0122135
-0.204014
-0.0200276
-0.181096
-0.0850048
0.150696
0.151561
0.147953
-0.27193
0.19151
0.073935
-0.0546835
-0.372126
0.0343301
0.11464
0.0369542
0.246745
0.0630327
-0.120266
-0.135854
-0.082822
-0.0675574
-0.124326
-0.0637611
-0.146371
0.0130234
-0.142492
0.0824112
-0.20301
0.112366
-0.0280225
-0.247996
0.141372
0.0483336
0.0835268
-0.108145
-0.269334
-0.187519
0.0456904
-0.0367727
-0.556207
-0.280695
0.00126207
0.582875
-0.0536315
0.502873
0.235592
0.228105
-0.055425
-0.139536
-0.0769144
0.018429
0.0159512
0.0539049
0.0797175
-0.364164
0.133004
-0.00353142
-0.014069
0.102004
0.00422151
0.408437
-0.262648
0.124332
0.0322705
0.059206
-0.12184
0.253989
-0.124506
0.150105
-0.0890981
0.0479577
0.000807047
-0.0336931
-0.131933
0.00191496
0.151908
0.34293
0.0643191
0.0696613
0.105176
-0.106764
-0.013373
0.0902084
-0.092884
0.0231057
-0.0610693
-0.115738
-0.00672736
0.220063
0.394326
0.255977
0.273028
0.00269191
0.275074
0.0456382
-0.262118
-0.299736
-0.257457
-0.144116
0.237696
0.0995628
0.158918
-0.0513427
0.0840402
0.0239006
-0.405332
-0.142135
0.0873335
0.0300255
-0.0910614
0.467148
0.116852
-0.0221926
-0.0820268
0.432163
0.285952
0.0799481
0.0544339
0.0840722
0.0393643
-0.169605
0.00179283
0.11648
0.13534
-0.218253
-0.222537
0.00195805
0.14003
0.0493515
-0.14749
0.172975
-0.213073
0.106892
0.0702592
0.127325
0.331622
0.34107
-0.272909
0.163709
0.374247
0.0765802
-0.0303417
0.0440201
0.0264509
0.0731666
-0.438251
0.0261865
-0.0422357
-0.217743
0.00984173
0.0430337
0.0550566
0.372888
-0.151665
-0.159494
0.101734
0.0849443
-0.203154
-0.0643091
0.160332
0.262805
0.0989065
0.0168782
-0.00349815
-0.067949
0.0950191
-0.0388161
0.0694397
0.40455
0.283842
0.227192
-0.181384
0.100422
0.0196229
0.171802
0.0641142
-0.0438939
0.117078
-0.00609786
-0.114608
-0.039667
0.0222784
0.0990115
0.161117
-0.219358
-0.0752447
0.0351396
-0.0316319
0.0278358
-0.0308109
0.0799085
-0.103525
0.10297
0.165093
0.0186089
-0.137814
-0.0230714
0.0627236
0.0469568
-0.273646
-0.113295
-0.349908
0.136136
-0.135628
0.0773449
-0.0672987
-0.0451427
-0.0243666
-0.178102
-0.0273116
-0.121352
0.0278468
-0.309642
-0.0583067
0.334484
0.312056
0.443405
-0.093299
-0.200087
0.236858
0.255035
0.186205
0.211052
-0.533767
0.00372984
0.0107913
0.0449671
-0.0456567
0.0847489
0.0256698
-0.153161
-0.0700895
-0.0877545
-0.162028
-0.364079
-0.0371739
-0.0596894
0.177574
-0.0165586
-0.0565839
-0.00607019
-0.221909
0.115882
0.290566
0.139629
-0.065608
0.230028
-0.126887
0.112488
0.595866
0.107012
-0.349202
-0.111827
-0.0274345
0.667942
0.167971
-0.444117
-0.37608
0.311123
-0.0897662
-0.104754
-0.127779
0.0456069
0.0819376
0.119162
0.152174
-0.38283
-0.124114
0.150476
-0.00433578
0.0591537
-0.0203823
-0.0321424
-0.0701267
-0.0119912
-0.0824002
-0.182412
-0.0906555
-0.284892
-0.0230249
-0.170281
-0.00888799
-0.00126466
0.10037
-0.00386356
0.0719083
0.09483
-0.102585
-0.0116842
0.135753
0.0641142
0.104135
0.0279085
-0.129389
-0.0688914
-0.257258
-0.0493224
-0.146028
-0.00731081
-0.0588958
-0.109985
-0.103522
-0.304329
-0.127002
-0.319046
-0.0745612
0.169182
0.266771
0.424517
0.451981
-0.0237778
-0.0367585
0.304427
-0.136635
0.0161499
0.0739838
0.112601
0.00110956
-0.213384
-0.273883
-0.0879816
-0.0368498
0.140408
0.230815
-0.000715456
0.0596037
-0.114255
-0.0978951
-0.0131721
0.0407042
0.0134634
-0.000178883
0.184131
-0.227068
-0.11182
-0.133929
0.0294222
-0.172427
0.144351
0.0360037
0.160795
0.0391658
0.0319111
0.0295045
0.231956
-0.0837692
-0.021422
-0.0154775
-0.11018
-0.194329
0.0835673
0.209584
-0.104421
0.371076
0.0993302
0.133565
0.0280863
-0.0074852
0.0186834
0.0182947
0.0692894
0.216526
0.000281393
-0.196474
0.121792
-0.0413442
-0.0569563
-0.0953234
-0.0178935
0.0111369
-0.167241
-0.186893
0.0228502
-0.0588185
0.152391
0.0406172
0.127093
0.0616807
0.143686
-0.162011
-0.0157826
0.12104
0.351107
0.129048
0.349643
0.182641
0.312234
0.233651
-0.240755
-0.224265
-0.127922
-0.0209542
0.0992963
0.0102108
0.00280267
-0.225798
-0.281791
-0.227887
-0.19691
-0.0129953
-0.114775
0.10039
-0.0519627
0.0251429
0.00545324
-0.145845
-0.0765907
0.0178459
-0.051222
-0.0509392
0.0301472
0.00237094
-0.519963
-0.242524
-0.36713
-0.046206
0.151014
0.252436
0.10068
-0.0397953
0.0141091
0.199793
0.0116817
-0.26014
0.0255262
-0.245541
-0.165986
0.0879572
0.14773
0.402373
-0.165426
-0.131828
0.0493634
0.0119231
0.0734367
-0.256137
-0.259567
-0.0132826
-0.241337
0.30116
0.143018
0.0756307
0.0625678
0.0411849
0.0420988
-0.0872416
0.0537292
-0.110358
0.081039
0.138124
-0.281474
-0.106323
0.0323118
0.163094
-0.121317
0.240862
-0.262624
-0.447301
-0.464181
0.160984
0.37693
-0.0458008
0.13521
-0.252798
0.0465645
0.102313
0.0741588
-0.0141447
0.130885
0.113511
0.152871
0.105192
0.164065
0.00640538
0.000187063
0.238146
0.38134
0.189567
0.436965
-0.0335145
0.0942374
-0.074936
-0.0549534
0.0273129
0.0976454
0.0238723
-0.119961
-0.0591562
-0.0862621
-0.0890426
0.0523456
-0.0550629
0.00452513
-0.173211
-0.0518702
0.0244672
-0.0858265
0.0413131
0.0323115
0.213297
0.229545
0.240588
0.160404
0.173717
-0.11321
-0.385421
0.169937
0.120015
-0.153243
0.0842193
0.17919
-0.291181
0.143566
-0.118531
0.0541177
-0.149303
0.164239
0.0438071
0.143749
-0.210202
-0.00296566
-0.35039
0.266391
-0.404705
0.278086
0.0410384
0.122396
-0.422633
-0.381105
0.563563
0.0126484
0.281319
-0.0458233
-0.037896
-0.0975071
-0.205971
-0.117437
-0.0569282
0.143291
0.153259
0.151811
-0.06556
-0.282173
-0.0107579
0.291533
0.549688
0.254529
-0.0493606
-0.0858536
-0.0021156
-0.0400212
0.241738
0.034253
0.132379
0.167677
0.304463
0.00594219
0.0415408
0.00637947
0.0215526
0.0721369
0.0808254
-0.14973
0.101166
-0.0109407
0.0127198
-0.297496
0.0694133
0.549655
0.0578923
-0.190796
-0.0492538
0.271563
0.194167
0.370442
0.230747
-0.278542
-0.160382
-0.0434973
-0.119341
-0.170028
-0.331273
-0.0368264
-0.168381
-0.00577919
0.303886
0.018076
-0.0255638
-0.243202
-0.0854132
-0.339896
-0.0069113
-0.119308
-0.00848303
0.245059
-0.175029
-0.263066
-0.474789
0.0252706
0.146188
0.0387012
0.15179
0.0772876
0.0909756
0.318183
0.103731
0.143797
0.0198467
-0.0916853
-0.742378
0.0366437
0.011587
0.298752
0.447766
0.582391
0.0807188
-0.3243
0.000807047
0.0404804
-0.0666627
0.0068552
-0.373045
0.0103686
0.278582
0.0779413
0.0283184
0.102346
0.175988
0.152972
-0.334715
-0.0721993
-0.080507
-0.184428
0.110178
-0.492795
-0.475606
0.340668
0.259815
0.899807
0.284485
0.0651624
0.393798
-0.0999779
-0.111043
-0.00366493
0.19307
-0.318899
-0.227248
-0.425308
-0.0141333
0.0507556
-0.0149937
-0.0427735
-0.00552397
-0.0623785
0.138015
0.0924552
0.306821
0.187065
-0.126293
-0.13658
0.39432
0.373313
0.424447
0.0929746
0.0218754
-0.274405
0.21794
0.109933
-0.280103
0.0597079
-0.059211
-0.0352268
-0.366098
0.301564
0.484032
0.28875
0.124119
-0.553098
-0.232312
-0.0276815
-0.0634169
0.329245
-0.255118
-0.0423977
-0.0419828
0.102938
-0.431228
0.0196368
-0.145219
-0.0883345
0.113306
-0.20137
0.432732
-0.0630554
-0.239407
-0.390347
-0.157281
0.346429
0.0124721
-0.316889
0.161709
0.200827
-0.139072
-0.080443
-0.0220787
-0.411201
-0.0294197
-0.0159522
0.26963
-0.280394
-0.119402
0.0937537
0.309547
-0.0891124
0.348474
0.134763
0.319633
0.026969
-0.18974
0.30464
0.106166
0.203785
0.17299
-0.468446
-0.00179998
-0.158129
0.110834
0.0619122
0.00536831
0.0428044
0.041332
0.022388
-0.0445332
0.241961
0.125816
0.763537
-0.107925
-0.0620562
-0.175613
0.303816
0.459594
0.108712
-0.156376
0.256657
0.0219708
-0.487263
-0.183174
-0.395411
-0.0508278
0.0395998
0.0646675
-0.38282
0.271222
0.190286
0.0325616
0.033354
0.0374918
-0.11835
0.0537431
0.0485682
-0.127259
0.0114766
0.163836
0.004812
0.242395
0.14452
0.00950923
-0.0207948
0.227278
0.0344439
0.349491
-0.114437
-0.106689
-0.176179
-0.302818
-0.112265
-0.297459
-0.298302
-0.203379
-0.275514
0.35882
-0.0766382
0.0470722
0.0116411
0.13194
0.0984794
-0.0904023
-0.247095
0.0932117
0.217385
-0.0317719
-0.0248394
-0.137721
-0.35013
-0.172029
0.17955
-0.187788
-0.0959693
-0.165475
0.023673
0.370244
0.215821
0.48981
0.10589
0.0874008
0.0855014
-0.536262
-0.00201055
-0.0762158
0.0943536
0.0738053
0.0118592
-0.0664896
0.260047
0.198935
0.152929
-0.0996016
0.037571
0.0274662
-0.00214952
0.0150121
-0.0042848
-0.0435939
0.05987
-0.0469774
0.01317
0.167564
0.00972632
0.15912
0.259908
-0.0500652
-0.224825
-0.210674
0.1506
0.0485278
-0.172747
-0.113916
0.0819045
-0.340549
-0.112383
0.052097
0.19071
0.0610022
0.00262733
0.05373
-0.0528371
0.212832
0.0959674
-0.0519033
-0.0272606
-0.0645391
-0.0515618
-0.0124864
0.0308576
-0.0575638
-0.264495
-0.0089528
-0.179923
-0.105526
-0.1772
-0.00653333
0.349638
0.345862
0.327516
0.525767
0.210789
-0.466147
-0.075929
0.0778513
-0.0561311
0.112008
0.113462
0.343706
0.315656
-0.0366982
0.020989
-0.0983332
-0.117628
-0.180421
-0.174402
-0.0470345
0.0514352
-0.0221059
-0.0473855
-0.128077
-0.102434
-0.12645
-0.124409
-0.101353
-0.0836332
0.172123
0.106639
0.171099
0.153482
-0.117371
-0.201475
0.271032
0.230052
0.0090903
-0.149261
0.074343
0.183648
-0.186116
-0.0123698
-0.152416
0.112019
0.260709
1.0345
0.111819
0.314398
0.163364
0.108555
0.0305624
0.0156346
-0.0350291
-0.169747
0.0725572
-0.0470736
0.0106239
0.193064
-0.0592063
-0.385535
-0.0747817
0.0270487
-0.0766844
-0.171491
0.0590597
0.213885
0.169775
0.226915
0.00140855
0.257279
-0.0842295
-0.00477425
-0.24273
0.171867
-0.00835194
0.222656
-0.0336191
-0.132151
-0.0540521
-0.0983155
-0.276443
-0.0949433
-0.0777106
0.222045
-0.306193
0.345362
-0.142034
0.0891273
0.138212
-0.0215123
0.106548
-0.000756269
0.0460998
0.122185
-0.0699133
-0.117968
-0.0209961
-0.0672417
-0.109755
-0.157139
0.114352
0.0266424
-0.335703
-0.186265
-0.038607
-0.371039
-0.293436
-0.127509
-0.0222686
0.0780544
-0.110554
-0.203057
0.120226
-0.12343
-0.130806
0.244675
0.362266
0.201148
-0.0810008
0.3545
0.252569
-0.0425628
0.108938
-0.0683519
0.077385
-0.395383
-0.051612
0.321317
-0.0606092
0.217865
0.0961056
0.0374595
-0.202705
0.146512
1.05881
0.121805
-0.164138
0.0172144
0.121564
-0.00440857
-0.688695
0.265315
-0.594469
0.0321894
0.443689
-0.346457
0.289798
-0.0591242
-0.127834
-0.246088
0.230799
-0.0469853
0.0897949
0.176704
0.173634
-0.135225
-0.176507
-0.128729
-0.487645
-0.0817248
0.0280273
-0.420007
-0.0622447
0.0500883
0.0809207
0.0904314
0.102082
0.107607
0.025993
-0.138737
0.0197216
-0.0506057
-0.247074
-0.368826
-0.0137544
0.113061
0.00326568
-0.429449
-0.519065
0.189799
-0.120124
-0.00766411
0.0113396
-0.11621
0.00762937
-0.181374
-0.119364
0.139038
0.0698426
-0.0956775
-0.139899
-0.157101
-0.47245
-0.448276
0.0188735
-0.0545673
-0.0463304
0.0361617
-0.00738403
0.226535
0.197021
-0.244142
0.175819
0.0127619
0.374305
0.268696
0.931231
-0.340239
0.000319367
-0.434781
-0.0158465
0.236507
0.18011
0.0288135
0.0315874
0.0459154
0.110012
0.046404
-0.1099
0.23037
0.158802
0.173103
-0.0259861
-0.0626209
-0.0103301
-0.296893
-0.0870419
-0.0352924
-0.0347553
0.103854
-0.0425291
-0.425014
0.0438754
-0.0195525
-0.103723
-0.0942317
-0.000851032
0.137728
-0.05268
-0.0429822
0.262613
0.282955
-0.0744623
-0.0382795
0.0642753
-0.117616
-0.0715244
0.0508645
0.111735
0.0643215
-0.0499731
-0.205358
-0.362651
-0.00199242
-0.139898
0.14319
-0.383575
-0.457691
0.0534255
0.351823
-0.25565
-0.0675647
-0.230166
0.242754
0.0621142
0.0260599
0.292055
0.375193
-0.518382
-0.0649544
0.275325
-0.101618
-0.127745
-0.122504
-0.209975
0.0781833
-0.379871
0.0378245
0.260362
-0.0257068
0.00145308
-0.0322998
-0.107274
0.0581907
0.0830884
-0.00225783
-0.0407251
-0.0620898
0.00905993
0.263069
-0.0864163
0.253222
0.0190552
0.0682552
-0.123693
-0.030253
-0.142609
0.150999
0.260038
-0.101714
-0.112616
0.0203882
0.0920522
0.192275
0.10081
0.234884
0.322685
0.0887554
0.370201
-0.00910123
-0.0178935
0.202426
-0.105057
-0.216164
0.0582259
0.26495
-0.191803
0.254334
0.0951698
-0.015162
0.0192605
0.282093
0.0186272
0.267224
0.0735222
-0.0398151
-0.295031
-0.0143065
0.155101
0.123199
0.337683
0.373749
-0.33322
0.201509
0.0318413
0.0727534
-0.302116
0.0674093
0.502496
0.141763
0.194138
-0.093061
-0.0485047
0.162683
0.186527
0.257286
-0.145681
0.333996
0.167126
0.00545446
0.224236
-0.00826706
-0.0732312
0.0993029
0.116944
0.151899
-0.0204863
0.10554
0.0610093
0.110626
-0.498204
0.0970777
-0.0694035
-0.243925
-0.0592392
-0.0823303
-0.0373831
0.36204
0.104928
0.522217
0.448952
-0.171868
0.349359
0.251985
0.181065
-0.00143474
0.10197
0.251986
0.19323
0.0382604
0.112598
0.298681
0.297368
0.311683
0.11973
-0.0358228
0.695973
0.339272
0.0252062
-0.564039
-0.0318389
-0.187107
0.11416
0.200747
-0.10283
0.226413
-0.103649
0.260661
0.150035
0.337018
0.13289
-0.0368605
-0.160133
0.129657
-0.36395
0.319415
0.0719851
0.296694
0.759769
-0.0521357
-0.366864
0.0297739
0.121629
0.0187705
0.2376
0.171369
0.134701
0.0598488
-0.0281074
0.127953
-0.198864
0.121357
0.0390549
0.153901
-0.0747327
0.159826
0.255598
-0.284779
0.706026
0.182026
-0.0972774
0.0966713
-0.089215
0.147486
-0.240933
-0.00193298
0.339593
0.238131
0.265571
-0.00683061
0.401952
-0.411876
0.131716
0.112152
0.0717307
0.215528
0.127642
-0.211301
-0.0471716
0.0636609
-0.647066
0.26011
0.187894
-0.581982
0.284921
0.391904
0.63642
0.0883558
0.162716
0.208205
-0.49607
0.0551405
0.0770182
-0.0702962
0.0371435
0.0955294
-0.0500498
-0.451864
-0.367418
0.157815
0.307437
-0.0503455
0.219349
0.178632
0.0312267
-0.411667
-0.0248381
0.000436425
0.361412
-0.0385753
0.0950318
0.211504
0.580997
0.433489
-0.00589665
-0.051688
0.0205288
0.0058148
0.102313
-0.520264
-0.652068
0.0790938
0.00247076
-0.0555863
0.14652
-0.0658576
-0.103649
-0.113637
0.0552798
0.252777
0.150105
0.153076
0.161608
0.0737877
-0.368706
0.157759
0.329705
0.264342
0.203287
0.0710403
-0.0220887
0.0985305
0.275877
-0.458585
-0.337845
0.23261
0.310518
-0.428157
-0.491925
0.0151517
0.0568845
0.0500062
-0.00412815
0.0703053
-0.0342046
0.0178307
0.071018
0.137782
0.047444
0.141522
0.159644
-0.209181
0.0642612
0.466401
0.282014
0.107533
0.0595554
-0.915328
-0.183651
0.158145
-0.0238695
-0.185675
-0.0812119
0.180273
-0.0548931
-0.327072
0.182437
0.0199843
-0.11622
-0.032962
0.151608
0.192693
-0.161995
0.0290926
-0.0946482
-0.0836618
-0.0971652
0.213065
0.0755283
-0.0694982
0.0901021
0.165985
-0.162129
-0.0059568
-0.0244246
0.074166
1.24391
0.0440173
-0.0243666
0.0479097
0.0844399
-0.179455
-0.0623682
0.0645249
-0.0235999
-0.0407727
0.260138
0.249337
-0.0446782
0.00969457
-0.0466041
-0.250381
0.856635
0.346712
0.0010027
0.325247
0.0110108
0.472352
0.213267
-0.0262187
0.0278107
-0.0639969
0.0602494
-0.193916
0.606887
-0.0269973
0.0238742
0.159641
0.0979364
0.0188294
0.126865
0.31541
-0.176476
-0.0589864
0.000368563
-0.0150175
-0.0610911
0.0515622
-0.0384223
-0.0211291
0.00826682
-0.188204
-0.218518
-0.0401448
-0.0529628
-0.102033
0.142444
0.322141
0.132504
-0.0429122
-0.0451024
-0.146369
-0.040223
-0.0713899
0.154517
0.0471053
0.206458
-0.111413
-0.12882
-0.0227182
-0.13926
0.227087
0.0126537
0.238689
0.546922
-0.00379618
-0.0408791
-0.0278317
-0.0527862
-0.157976
0.0927528
-0.0986153
0.301934
0.218753
0.206295
0.234842
0.298769
0.183139
0.277079
0.0588794
0.0320432
0.0445728
0.17277
-0.508574
-0.122932
-0.168753
-0.0508415
-0.170582
0.0293679
-0.205325
0.0270593
0.0351243
-0.27416
-0.358081
0.0941108
0.0612732
0.332871
0.0215402
0.277138
-0.107653
-0.18701
-0.0612738
0.0226734
0.241213
0.287826
0.373981
0.443382
0.291805
0.374592
-0.574754
-0.0375727
-0.135758
0.372383
-0.0439236
0.122701
0.0173248
0.0461558
0.424918
-0.125689
-0.109423
-0.0706601
0.192162
0.220135
0.068393
0.059122
0.349764
0.235621
-0.0992836
0.0353578
0.173354
-0.0975692
0.248803
-0.449301
-0.0124133
-0.479484
-0.30555
-0.0141333
0.218507
0.169627
-0.126629
0.0169661
0.0796012
-0.41231
0.0186197
0.144982
1.27107
0.161475
0.1638
0.13779
0.0119817
0.0443671
-0.0201877
0.0732012
-0.23711
-0.14656
-0.0691853
0.0911996
0.359829
0.148646
0.08956
0.10859
0.172682
0.0562755
0.19978
0.118523
-0.24884
-0.389882
-0.565192
0.405422
0.992299
-0.0632405
-0.0266804
0.22704
-0.288641
-0.12996
-0.232455
0.0200491
0.00479403
-0.0720323
-0.0818206
0.113719
-0.374175
-0.281662
0.122648
0.304723
-0.361961
0.124324
-0.0492777
-0.000877748
-0.150235
0.135556
-0.526233
0.114086
0.145478
-0.0459618
0.101526
0.207154
0.318016
0.562738
-0.0175325
0.058879
0.297455
0.0113322
0.206025
-0.13481
-0.0910018
-0.0757813
-0.0319769
0.0780632
0.0587601
0.0232038
0.331151
-0.598109
-0.385138
-0.552531
0.118555
-0.144484
0.72164
0.0753082
0.0444304
0.0321758
-0.0102426
0.121899
0.120055
-0.0231835
0.223851
0.154291
0.117964
-0.140085
0.341366
0.236311
0.0578006
-0.0596932
0.124058
0.0281546
-0.160156
0.0950279
0.192598
-0.460528
-0.440194
0.119874
0.0147741
0.0690978
-0.00126466
0.131132
0.165477
-0.0136823
-0.0731124
0.122995
0.0243533
0.0901476
-0.00407615
0.113294
0.385785
0.0787492
0.00975699
-0.300376
0.00923036
-0.0976598
-0.36827
0.187894
0.149868
-0.0825196
-0.112409
-0.199016
-0.012919
0.116513
0.0334132
-0.00472864
-0.060378
0.115325
-0.428092
-0.0623604
-0.0999595
-0.0908727
-0.0188047
-0.103692
-0.266084
0.0805305
-0.0136566
-0.0934196
0.180664
0.121124
-0.288698
0.232361
0.0115639
-0.106589
-0.0403932
0.190753
0.228283
0.146461
0.224833
0.0045219
-0.109762
-0.106909
0.168167
0.145319
0.0391009
-0.15468
0.43047
-0.00110326
-0.124284
-0.133463
-0.056535
0.0192462
-0.268187
0.00179072
-0.506903
0.0215087
0.242989
0.418015
0.238388
0.0115689
-0.319098
-0.331533
-0.249708
0.408276
-0.108858
0.1025
1.1398
0.106293
0.150821
-0.269065
0.0991779
0.0214765
-0.489338
-0.113097
-0.099045
0.26518
0.0627714
-0.0170136
-0.0506842
-0.12184
-0.0306966
-0.0710159
0.0376963
0.369839
0.563043
-0.0466634
0.197886
0.106472
0.323067
-0.0477336
0.038675
0.164179
-0.0918838
0.372319
-0.0801651
0.0499601
0.218669
0.127579
-0.109469
0.36042
0.13303
-0.0233991
-0.0220615
0.00896079
0.0298909
-0.186674
0.0909837
0.165992
0.149408
-0.00139189
0.0774079
-0.0218789
0.257586
0.0452777
-0.0073943
0.0279396
0.00134734
-0.355149
-0.161578
-0.141327
-0.0354223
0.0707785
0.0903662
0.470356
0.308102
0.193033
0.103603
-0.0527649
-0.132497
-0.179817
0.106255
-0.11371
0.436751
0.195784
0.990367
0.112248
-0.46632
0.0625772
0.0776585
-0.0769844
-0.0342586
0.164898
0.175457
-0.0129366
0.109429
0.191363
-0.096103
-0.0399571
-0.128342
0.0698062
0.0381205
0.139397
-0.159412
-0.122139
-0.374929
-0.145117
0.0462324
0.0723293
0.32478
0.101409
0.0221399
0.23684
0.144554
-0.00952843
0.0616399
0.112033
0.303437
-0.265504
-0.207164
-0.122884
0.134365
0.127582
0.175355
-0.20131
-0.133737
-0.0190714
-0.0492106
0.0386199
-0.115689
0.120902
-0.389544
0.579693
-0.0298767
0.114656
0.190135
0.0662447
-0.0810919
0.174787
0.230968
0.155176
0.0672492
0.0443085
0.0514171
0.201024
0.191446
0.225945
0.0521604
0.0882798
-0.420847
0.33033
-0.127031
-0.401974
-0.0818141
-0.108563
0.0150134
-0.0290422
0.201724
-0.17295
-0.0022194
-0.167427
-0.190244
0.0184921
0.00724442
0.539749
-0.182063
-0.153946
-0.121636
-0.251493
-0.222059
-0.0171045
0.00840161
-0.212136
-0.10598
0.0249295
-0.127284
-0.274314
-0.0187122
-0.197603
-0.066907
-0.123567
0.0206639
-0.456864
0.180204
-0.375257
0.0408688
0.0153953
0.0591145
0.179164
0.304826
0.135264
-0.0564196
-0.169973
0.0704141
-0.237885
-0.0692756
0.410045
-0.192005
0.109347
-0.054827
-0.574283
0.0389269
0.150653
0.205668
-0.0523607
0.586562
0.114125
0.227828
0.0110502
-0.0254533
0.359316
-0.0761827
0.00827596
-0.0801135
0.251534
-0.298902
-0.0863016
0.0959694
0.40449
0.0591285
-0.193951
-0.180493
0.254151
-0.110171
0.14498
-0.270856
-0.000162387
0.103672
0.00826291
-0.0989548
0.137206
-0.0104246
0.350771
-0.263898
-0.174035
-0.186706
-0.198137
0.229789
0.0583174
-0.948453
0.126611
-0.115583
-0.372303
-0.628707
-0.231204
-0.439977
-0.0834631
-0.0471207
0.148601
0.165191
0.291595
0.161519
-0.14671
0.121529
-0.00415303
0.0986266
-0.397998
-0.395838
-0.181783
-0.143552
0.410241
0.0408626
-0.0718905
-0.171003
-0.0338845
0.17681
-0.0153323
-0.0861887
-0.0975625
0.129241
0.00322653
0.0884828
0.139405
-0.0214804
-0.0289824
-0.0132266
0.410869
-0.0271373
-0.108998
0.0612833
0.0892952
0.0662426
0.163242
0.130921
-0.387091
0.509008
-0.405837
-0.1308
-0.254062
-0.416427
0.134473
0.0991021
-0.0185323
0.153686
0.140523
0.0737078
0.168255
0.0144206
-0.203763
0.0589765
0.0215022
-0.0647863
-0.0894821
0.0097946
-0.0708405
-0.203376
-0.0397156
-0.169928
-0.897235
0.107979
-0.0678772
-0.35117
-0.0436398
-0.0321525
-0.107724
0.0681138
-0.126834
-0.0671435
0.188291
0.217466
0.0625145
0.275332
0.557496
0.708976
0.179236
0.302295
0.340528
0.0717542
-0.0443285
0.0670104
-0.00051072
0.114282
0.0754704
-0.187601
-0.179966
0.126394
0.564294
-0.108024
0.135957
0.0673844
0.272792
0.146168
-0.211619
0.221953
-0.238202
0.212378
-0.263396
-0.20157
0.0682161
0.154391
0.25369
0.00176154
0.0945638
0.121776
-0.182369
-0.0776468
-0.258694
-0.278801
0.0224917
0.0871312
0.131971
0.0908946
0.18562
0.227901
0.0513171
-0.206287
0.0960619
0.0315556
-0.0439987
-0.184005
-0.0704053
-0.0384907
0.105542
0.132225
0.212178
-0.0312339
-0.110914
-0.283738
-0.0199991
-0.258254
-0.407931
-0.00423304
-0.184017
0.127405
-0.150106
0.0034911
-0.118966
-0.0375083
-0.0482589
-0.11261
-0.155685
0.0796441
0.215726
-0.0158523
-0.0403035
-0.0105012
0.147133
-0.0431137
-0.0169217
0.117318
-0.0705026
0.0408956
0.0472122
0.197343
-0.336198
-0.102374
0.13285
-0.102015
-0.581766
0.268134
-0.234714
-0.163971
-0.188696
-0.1288
-0.449272
0.694426
0.118242
0.682137
0.0200896
0.057149
-0.0903746
-0.0975245
0.00260963
0.455329
-0.104343
-0.0211207
-0.171047
0.0891127
-0.102154
0.11214
0.040481
0.116873
-0.161362
-0.164402
-0.136507
-0.0112309
0.0301741
0.104796
0.0127294
0.123673
-0.064961
0.302816
0.0622772
0.298347
-0.0171045
-0.0283275
-0.186111
-0.081539
0.0828933
-0.0189858
-0.0718433
-0.00251073
-0.0645859
-0.44889
0.102634
0.210149
0.239927
0.747067
0.0865278
0.180352
0.271827
0.421249
-0.299529
-0.206242
-0.322143
0.175987
-0.0438364
-0.288525
-0.104395
0.343877
-0.0868074
0.242392
-0.0288154
-0.395619
0.0253752
-0.00723961
-0.0809516
0.0691303
0.0507285
0.0199049
-0.0987318
-0.0252604
0.105708
-0.0704344
-0.108337
0.0661306
-0.081067
-0.0857218
-0.0515952
0.266041
0.265373
-0.114703
-0.0212937
-0.500427
-0.0721253
0.185163
-0.126391
-0.0386634
0.0525139
-0.0451087
-0.00578717
0.167226
-0.122227
-0.0783742
0.0284105
-0.0275825
-0.050728
0.337803
-0.337831
-0.0888818
-0.259443
-0.101089
-0.0535318
-0.0434918
-0.268401
0.0657181
0.258299
-0.244491
0.0442713
0.0201321
0.290297
-0.0258598
0.0521384
0.480331
-0.273909
0.160678
-0.258932
-0.109673
-0.108176
-0.138372
0.0236005
-0.171276
-0.429483
-0.159189
-0.570041
0.0763516
-0.111155
-0.392693
-0.145917
-0.127718
-0.0917382
0.358177
-0.196756
-0.0178514
0.00283847
0.084685
0.233484
0.0992709
-0.0609578
0.0258945
-0.18744
-0.034406
0.0807201
-0.100788
-0.0610694
0.413758
0.0574657
0.0531741
0.212208
0.220203
0.100467
0.0281359
0.0322371
0.121198
0.311472
0.0552592
0.187635
0.199401
-0.0193
-0.188249
-0.024439
-0.0859488
0.461282
-0.156602
0.183259
0.0402612
-0.00795919
0.00538518
-0.0244474
-0.0789844
-0.130511
-0.105134
-0.0243552
-0.215668
-0.268548
0.249239
-0.320238
-0.0225828
0.0187392
0.0449059
0.23823
0.00892681
0.0521056
-0.146458
-0.325303
0.313911
0.219454
0.123625
0.111574
0.67919
0.372548
0.0764284
0.174041
0.489815
-0.13802
0.12776
0.0473902
-0.0289989
-0.0991036
-0.138237
-0.284496
0.0342927
0.281101
0.00986526
0.0408122
-0.22041
-0.328534
0.275441
0.207592
0.309806
-0.529812
0.195676
0.0138407
0.0496381
0.173615
-0.276441
0.0289556
0.155205
-0.14709
-0.0258691
-0.035363
0.00987741
-0.088322
0.0829877
0.247842
0.152715
-0.029698
0.0398969
0.117705
-0.229249
0.113144
-0.139875
-0.386593
-0.172355
0.0557768
0.0456275
0.185872
0.103524
0.456314
-0.537203
-0.0689896
0.137504
-0.229052
0.313558
1.24251
-0.358784
0.140986
-0.075008
0.0698775
-0.060137
-0.0595046
0.329194
0.0544971
0.0853798
0.259228
0.213109
0.133305
0.0811553
-0.0467612
0.102105
0.0370465
-0.189354
-0.0650318
-0.0311176
0.0114162
0.147929
-0.0925855
-0.165398
-0.110125
0.156614
-0.135999
0.00399293
-0.046411
-0.567465
-0.235795
0.0036051
-0.00351015
-0.177664
0.0171851
0.484686
0.202298
0.269867
-0.00238903
-0.0436121
-0.0347535
-0.0033193
0.665282
0.0449226
-0.00788451
-0.208904
-0.227471
-0.0346626
-0.192416
-0.139308
-0.0610215
-0.128499
0.0755165
0.0548568
0.022171
-0.0577215
0.111804
-0.0246634
0.0126081
-0.17726
-0.313384
0.323103
-0.1063
-0.46247
-0.114619
-0.0596355
-0.0888037
-0.272618
0.591719
0.0576831
0.0184514
0.00530791
0.13962
-0.0136778
-0.00039349
-0.280152
-0.0469533
0.286573
-0.152781
-0.0532916
-0.428427
-0.0955137
0.385928
1.08887
0.0899934
-0.28641
0.0811982
-0.135823
-0.351375
-0.108357
-0.503951
-0.122819
-0.150846
-0.0602002
-0.210717
-0.126325
-0.137208
-0.126716
0.214826
-0.018058
-0.0722314
-0.252086
-0.0198127
-0.132714
0.0581381
-0.0903304
-0.272646
-0.0392642
-0.20833
-0.0788934
-0.320908
-0.357444
-0.129527
-0.162695
-0.0724082
-0.0336013
0.119222
0.156476
0.00993565
-0.104785
-0.12595
-0.0833325
-0.035832
-0.0476663
0.0402703
-0.134172
0.0639557
-0.218638
0.187537
0.0396708
-0.125184
0.775205
-0.507564
-0.0461056
0.237647
0.0483686
-0.116163
-0.241807
-0.00845479
-0.0480333
-0.0858152
0.444505
0.480137
-0.397469
-0.179156
-0.0106486
-0.0161315
-0.102088
-0.00689783
0.0519797
0.0936121
0.107701
-0.0469462
-0.0429197
0.555061
-0.0833313
-0.0461575
0.148375
-0.241165
-0.0034876
-0.0515502
-0.0946788
-0.0626576
-0.228576
-0.0939506
-0.13288
-0.0921541
-0.0203823
0.287618
0.291557
0.339212
0.196849
0.0923098
-0.10295
0.196309
0.146215
0.0012774
0.078181
0.0474186
-0.0886049
0.16941
0.234039
-0.127282
0.00555752
0.0169727
0.0336638
0.177076
0.214365
-0.0169284
-0.144954
-0.107997
-0.115217
0.074663
-0.187233
0.112499
0.334052
0.136671
-0.0012319
-0.0684281
-0.256237
-0.117856
-0.158654
-0.11608
0.124604
0.443647
0.0892036
-0.145176
-0.00573332
-0.0723673
0.203975
-0.0734282
-0.139671
0.0598603
-0.274474
0.553408
0.557582
0.855773
0.389066
0.556167
0.504859
0.0676936
0.106162
0.0921544
0.0301601
0.0781057
0.180726
0.244532
-0.042885
-0.0412933
0.613222
0.295377
0.177883
0.26871
0.162702
0.0209591
0.0869932
-0.0714007
0.0370438
-0.0752863
0.152665
0.180013
-0.0641338
-0.185268
0.200574
0.2748
0.0977406
0.0669031
0.28524
0.0361305
0.224671
0.145131
-0.0659673
-0.0970226
0.0801786
0.0292681
0.128171
0.0441265
-0.166335
-0.0900182
0.0236009
0.216495
-0.00316279
0.112001
0.073802
-0.413291
-0.416416
-0.129777
0.190966
0.0376881
0.150198
0.012178
-0.00251817
0.031723
-0.045256
0.156992
0.426575
-0.0871009
0.0287187
0.109676
0.224276
-0.208369
0.14581
-0.525402
0.174901
-0.382239
0.241345
0.113354
0.090443
-0.182713
0.374935
-0.0693867
-0.0531268
0.0594351
-0.0867044
0.0737076
0.0880283
-0.412261
-0.480321
0.116802
-0.305767
-0.0228017
0.241047
0.24702
0.143362
0.678778
0.103771
0.0671225
0.31027
0.122043
-0.143174
-0.218206
0.0224357
-0.168756
-0.172992
0.123853
0.220357
-0.0885251
0.0142538
0.465942
0.478469
0.294648
-0.0691234
0.462314
0.0688727
-0.183995
0.0725899
-0.0984737
0.359954
-0.229674
-0.109354
0.160475
-0.209795
0.150322
-0.0620424
-0.0810037
0.0369131
1.19086
-0.393613
-0.385498
-0.397581
0.0475589
-0.0990711
-0.0264959
-0.0776324
-0.0660405
0.34202
-0.127456
0.0758253
-0.136366
-0.00458797
0.160508
0.267611
-0.116059
-0.0484251
0.0705178
-0.208516
-0.119183
0.0517409
0.0119716
-0.0566023
-0.236999
0.140834
0.191255
-0.107317
0.237621
0.029222
-0.356246
0.307003
-0.324028
-0.135559
0.093813
-0.193342
-0.261221
-0.129841
-0.191138
-0.185954
0.0317471
0.114866
-0.395892
0.113511
-0.0809952
-0.100812
-0.171751
0.281689
-0.258308
0.0591912
0.0909356
-0.169035
-0.367978
-0.556482
0.0621076
-0.0236171
-0.0337849
0.145308
0.025756
-0.632515
-0.025646
-0.190901
-0.179185
-0.022818
-0.0393876
-0.503786
0.000947014
0.406909
-0.11757
0.182835
0.172837
-0.58636
0.233864
0.066093
-0.137112
-0.0406998
-0.0935291
0.142084
0.266261
0.06518
0.00594668
0.470039
-0.343326
-0.331256
-0.484479
-0.209442
0.112777
-0.111334
-0.0400292
-0.0664094
0.181473
-0.202985
-0.222866
0.0889411
0.17067
0.236592
0.0363876
0.026154
-0.0180009
0.00265903
-0.229411
0.00191496
-0.192687
-0.169076
0.33411
0.324329
0.180066
-0.217959
0.0478947
0.00773578
-0.0328094
-0.122741
0.136251
0.218052
-0.135167
-0.179708
-0.0474117
0.0974386
0.200345
0.360932
-0.135683
-0.0921417
0.0363853
-0.0972861
0.223354
-0.127907
-0.226409
-0.400369
0.0804228
0.0648258
0.1076
0.13885
-0.0272979
-0.0645266
-0.116546
0.573668
0.16554
0.172583
-0.140435
-0.0643251
0.283925
0.0790058
0.0224628
0.118486
-0.0547397
-0.0715452
-0.0425341
-0.0318705
-0.0622801
0.497667
-0.0109876
0.0890968
-0.0267422
0.0341299
-0.0595972
0.468457
0.0557903
0.101099
0.0712454
-0.238497
-0.403262
-0.0214325
0.422333
0.202366
-0.52075
-0.263673
0.200167
0.260936
-0.135049
0.0440534
0.0986729
-0.337581
-0.0583097
-0.0805011
0.00631534
0.130647
0.166494
0.124987
-0.0772346
-0.103524
0.0180886
-0.158298
-0.282926
0.0348607
-0.0185338
-0.317054
0.0952865
0.116848
0.0465646
-0.310805
-0.189389
-0.0393176
-0.0828834
-0.0975045
-0.0366394
0.133223
-0.0934893
-0.503796
-0.284632
-0.220348
0.0867037
0.0112446
0.0292056
0.0642062
-0.0446902
0.0846546
0.0949899
0.0810847
-0.0945143
-0.341384
0.227949
0.121644
0.0279436
0.240284
-0.113509
-0.0660704
0.105575
0.228986
0.213701
-0.168043
0.0410017
-0.0779351
0.101049
-0.103313
-0.142891
-0.282144
-0.0405856
0.49674
0.134536
0.134808
0.220636
-0.0130211
-0.0430462
0.0899548
-0.210519
0.234423
0.348332
-0.00548622
-0.105053
-0.139719
-0.0418354
-0.720292
-0.0373373
-0.104144
-0.154283
-0.0464729
-0.115801
-0.0421188
0.318667
0.113723
0.0157068
-0.170977
0.1601
0.00144152
-0.0667923
0.109076
0.130545
0.069873
0.0627513
0.0224308
-0.0539724
0.368854
0.317544
-0.632556
0.216059
0.111109
-0.00976987
-0.112972
0.026932
-0.0624042
1.0521
-0.0304507
0.061008
-0.0367305
-0.119369
0.0323241
0.0196924
-0.339287
-0.0652949
0.289582
0.117676
0.0394732
0.100176
-0.190386
0.0300798
0.027547
-0.0105378
-0.342204
0.00868974
0.301664
-0.753337
-0.0287554
-0.0344779
-0.154308
-0.0800056
-0.0942027
0.363664
-0.0602455
-0.25724
-0.0537557
0.0136963
-0.0646576
-0.112053
0.06161
0.148592
0.0596097
0.0370997
0.0191563
-0.102217
0.030649
0.146353
-0.0110937
-0.243608
-0.0460065
0.098937
-0.0463074
-0.0443069
-0.0538473
0.00413146
-0.153317
0.0842735
0.187386
0.00824304
0.272795
-0.11329
-0.248809
0.0902878
-0.0402639
0.0596598
0.1487
0.26912
0.0807786
0.0284614
0.0439786
-0.104611
0.0148628
0.00290003
-0.688708
-0.161319
-0.00567509
-0.0287408
-0.204637
-0.100433
-0.0719477
0.152259
-0.129596
-0.108597
-0.0584086
0.102651
-0.165934
0.0575792
0.202657
0.288717
-0.0671763
-0.0681489
-0.0607402
0.115516
0.00316475
0.0429554
-0.186424
-0.194671
0.189149
-0.289597
-0.332847
-0.0991941
0.0701346
0.380828
-0.0162234
-0.0639839
-0.0933999
0.277445
0.00544547
0.0730564
0.12531
0.146735
-0.305969
0.0188262
-0.582756
-0.0497774
-0.0358345
-0.054781
-0.199604
0.0980446
0.170251
0.0522715
0.116016
0.315355
0.0574609
-0.0591321
0.500532
0.243264
0.100821
-0.192781
0.0435719
0.285712
0.418066
0.096031
-0.0739269
0.0490387
0.143665
-0.0229596
0.175391
0.929458
0.200906
0.129252
0.141375
0.0843243
-0.388825
0.0627354
0.132617
-0.48995
-0.017737
-0.018957
-0.0289025
0.0276499
-0.133276
0.0325138
0.0245262
-0.142712
-0.277574
-0.191717
-0.0506001
0.212046
0.411928
-0.0358643
-0.488907
0.0709446
0.218456
0.131153
0.0873207
0.186402
0.0760039
-0.105548
0.00892757
-0.678409
-0.629329
0.240215
-0.076038
-0.208815
0.0817626
-0.124047
-0.283861
-0.0388984
0.0413943
-0.0249476
-0.295858
-0.404041
0.0221111
-0.0920221
-0.164436
-0.224238
-0.12163
-0.150687
-0.0694747
-0.438766
-0.235337
-0.312149
0.0414175
0.1587
-0.0340497
-0.047768
-0.295195
-0.067144
-0.187945
-0.0762736
-0.0946114
0.0699194
-0.0829722
-0.0912537
-0.168491
0.125616
-0.108809
0.141639
-0.108992
-0.14273
-0.285261
-0.199303
-0.0643312
0.126374
0.00801851
-0.32881
-0.242624
0.130179
0.172424
0.1731
-0.0942815
-0.0986826
-0.0271192
-0.035082
0.127142
0.0418975
0.119454
-0.0139749
0.36261
-2.4437e-05
-0.182432
0.164582
0.108938
-0.17828
-0.147134
-0.297339
0.302364
0.143475
0.0556505
0.171503
0.102719
0.115161
0.206155
0.152619
0.153727
0.0631336
0.032487
0.371886
-0.0481336
0.0233054
-0.0920617
0.465106
0.226478
-0.168252
-0.171071
-0.165591
0.0048845
-0.113562
-0.201237
-0.0519219
6.21259e-06
0.129269
-0.00260697
-0.0254048
0.00337414
-0.0178499
-0.242834
0.0169938
0.0122441
-0.103396
0.00150504
0.100839
-0.0941487
0.0329622
0.0325287
0.997161
0.934787
-0.0733318
0.0991689
0.304378
0.0694446
0.0856495
-0.172447
-0.105122
-0.058564
-0.137703
-0.133691
-0.116137
0.0697592
-0.0320608
0.168294
-0.155711
0.23096
0.165389
-0.303073
0.0265934
-0.0508579
0.041712
0.0286898
-0.197903
0.133833
0.46964
-0.527222
-0.165411
-0.142719
0.0178387
-0.0450568
-0.21136
0.142969
-0.0752392
0.504213
-0.152013
-0.273381
-0.31374
-0.038267
0.176633
0.142302
0.0416503
0.219111
0.0659937
0.0789222
-1.06715
0.109787
-0.718323
-0.640044
-0.60984
0.10668
-0.117412
0.0101561
-0.246598
-0.159045
-0.178574
-0.0610538
-0.111104
-0.0139001
-0.0284624
0.404685
0.25045
0.424994
0.531743
-0.0276363
-0.0887101
0.0911836
-0.46748
-0.363192
-0.181283
-0.0768102
0.315999
-0.0279235
-0.725338
-0.0794286
-0.0886949
-0.12852
0.0928396
0.126841
0.111598
0.280284
0.222872
-0.198004
-0.26442
0.188086
0.0507007
-0.0997874
0.136668
0.0861223
-0.0842777
-0.182011
-0.164919
-0.0550421
0.0158378
-0.139348
0.0941338
-0.00480697
0.16841
0.0836753
-0.106389
-0.329802
0.0203085
-0.148744
-0.189502
0.0349569
0.0872959
-0.0340358
-0.0660114
-0.337745
-0.304424
-0.434709
-0.131748
0.0159161
0.361044
0.0666048
-0.00227537
-0.529867
-0.556949
0.877457
0.661308
0.0155874
0.186688
0.0611623
-0.209494
-0.148136
-0.299956
0.149901
-0.293148
0.0899268
-0.314051
-0.152627
0.0142503
0.223662
0.274694
0.209827
-0.018937
0.107016
0.189503
0.208385
0.258154
0.118753
-0.279913
-0.035436
0.275422
0.199764
-0.390213
-0.131946
-0.132382
-0.499118
-0.0671157
-0.0696706
-0.0632008
-0.0216675
-0.133643
-0.0476267
-0.115192
-0.0151507
0.0933957
-0.142149
-0.0678841
-0.0198127
-0.0854823
0.142233
0.0669031
0.161967
-0.16663
0.367614
-0.111477
-0.20248
0.231001
-0.0132312
0.0573986
0.033082
-0.0311608
0.176036
-0.0216213
0.0691704
-0.06497
-0.181698
-0.355599
-0.283082
-0.115358
-0.0194832
-0.496006
0.598319
0.0682476
0.0367495
-0.38622
0.599382
0.293468
-0.220935
-0.0435385
0.204518
-0.73852
0.05713
0.00515753
-0.0705357
-0.49328
-0.0217773
-0.144899
-0.466769
-0.640883
-0.100269
-0.276707
-0.0470896
0.0153141
-0.0759681
-0.0668397
-0.240578
0.0919652
-0.0826731
0.135698
-0.0510687
-0.251584
-0.544143
-0.554954
-0.077737
0.0706982
-0.00219927
-0.0703279
-0.109573
0.192409
-0.0803471
0.103169
0.0795786
0.0481288
-0.188756
0.105358
-0.398206
-0.29746
-0.0176847
-0.0365084
0.0173349
-0.173138
0.144025
0.580974
0.194542
0.00795609
-0.0562764
0.0102918
0.0619243
0.193481
0.390215
-0.098803
0.156225
0.0282758
-0.243921
0.194454
0.0184628
0.0372624
-0.104624
-0.0907996
-0.0418484
0.147173
0.275081
-0.161188
0.0101608
0.117058
-0.0852319
-0.327598
-0.0643516
-0.133594
0.0035748
-0.0770602
0.0951856
-0.0291877
-0.236234
-0.145764
-0.466814
0.0390996
-0.0408866
0.252824
-0.0922619
-0.486085
0.152016
-0.440672
0.00367625
-0.280782
-0.129219
-0.0437874
0.0809334
-0.32984
-0.0403533
-0.120353
-0.0438977
-0.069491
-0.0586769
-0.0061418
0.155159
-0.413345
0.45139
0.0765278
0.221076
0.35663
0.0465645
-0.0843853
-0.00917718
-0.0897322
-0.0177341
-0.125799
-0.00116703
-0.183424
-0.000657665
-0.0859012
-0.0326933
0.0465645
-0.224373
-0.16826
-0.0275931
0.219465
-0.216836
-0.309683
-0.170353
-0.316739
-0.107187
-0.452465
0.04256
-0.0162503
-0.0487414
-0.193368
0.376793
0.0728853
0.0859258
0.137027
-0.0108208
0.516901
-0.206138
-0.156919
0.0303065
0.253667
0.197941
0.172571
0.0777923
0.0235807
-0.656207
-0.389164
-0.094331
0.227768
-0.0488657
-0.123489
2.75936e-05
0.225779
0.045886
0.0273174
0.141215
-0.156792
-0.256236
0.133794
-0.274292
-0.0669251
-0.0549448
-0.80896
0.163153
0.188762
0.0739759
0.19222
-0.0529696
-0.0483976
0.0501098
0.114511
-0.0113046
0.164841
0.325779
0.222514
0.206265
0.1525
-0.0155834
-0.0634546
-0.440557
-0.340701
-0.0332927
-0.574024
0.227527
-0.104109
-0.112797
-0.013953
0.0213738
-0.101107
-0.00425092
-0.0511778
-0.00173232
0.0405279
0.22675
-0.0171889
-0.360328
0.135838
-0.769833
0.612627
0.119016
0.0994587
0.271133
0.271413
-0.112406
0.0731052
-0.287568
-0.233995
-0.126397
-0.188161
-0.027204
-0.107412
-0.117657
-0.108337
1.17001
-0.115369
-0.0416514
0.0475036
0.0345789
0.154924
0.106622
0.0473278
-0.1877
0.238414
-0.0872477
0.476324
-0.0517424
-0.357759
-0.00937401
-0.142129
-0.0627504
-0.0986791
-0.0814465
0.155578
0.279541
0.0347505
-0.0439132
-0.0511641
-0.146397
0.239188
-0.0781565
0.350552
-0.0329849
0.0479792
-0.155171
-0.12157
-0.0932962
-0.0652525
0.152527
-0.0164872
0.337782
-0.307626
0.000357235
-0.00759348
0.555771
0.580933
0.121333
0.00771284
0.107597
-0.0175173
-0.24305
-0.00876618
0.321787
0.497871
0.58756
0.284914
0.137297
0.109108
0.146013
-0.36961
0.214056
-0.00221607
0.172334
-0.0130212
-0.190751
0.17825
-0.624689
0.210256
-0.00983217
-0.038562
0.460017
0.0530674
-0.288578
-0.278966
-0.166997
-0.0333661
0.122285
-0.231441
-0.207994
-0.141618
-0.617295
-0.620467
0.0348788
-0.144833
-0.0885681
-0.424876
0.0878399
0.120185
-0.0580351
0.187273
0.087231
-0.326531
0.187192
-0.063596
0.254212
0.0751235
0.348752
-0.0567796
0.0580307
0.148438
-0.556576
0.142136
0.132014
-0.242355
0.191856
-0.0593936
-0.0917381
-0.111942
-0.569801
0.184313
-0.256894
-0.071909
-0.0585018
-0.0379674
0.133255
0.00726239
-0.0466045
0.285366
-0.178941
0.112083
0.0852569
-0.0279046
-0.129527
-0.0815327
0.354083
0.0801201
0.03987
0.184605
0.37603
-0.333743
-0.127842
-0.15929
-0.294248
-0.424055
0.409047
0.440515
0.0196307
-0.0120847
-0.0511927
-0.161339
0.0958495
-0.335689
-0.356264
-0.172279
-0.0573491
0.299071
-0.12514
-0.155817
0.122044
0.112152
-0.473327
-0.196245
0.270998
-0.0455047
-0.237193
-0.455413
-0.0718344
-0.00516898
-0.0467522
-0.00690959
-0.219096
-0.211277
0.0991658
-0.257728
0.274446
0.22863
-0.208421
0.0298513
0.124471
-0.134931
-0.133473
0.0682838
0.2744
-0.212802
0.0401845
-0.116394
-0.164208
0.051339
-0.0375291
0.82773
-0.0296609
0.00445462
-0.614124
-0.16006
0.114122
0.158168
0.35265
0.240286
0.135516
-0.368108
-0.283249
0.111124
0.0929673
-0.0995635
0.0603802
0.0816467
0.227301
0.0721465
0.275044
0.19044
0.298157
-0.144869
0.134847
0.217036
0.286089
0.296593
0.312793
0.25558
0.227438
0.321437
0.0416572
-0.0429137
0.0161376
0.0494731
0.15742
0.190703
0.259718
-0.182743
0.155334
0.146355
0.0120767
0.00727354
-0.0819195
-0.0349454
0.0226046
0.24835
0.137086
0.161835
-0.0516957
0.0700048
0.425417
-0.0183931
0.0749261
-0.0148143
0.09844
0.131904
0.247182
0.261211
-0.181278
-0.163216
-0.528777
-0.0150811
0.391934
0.767933
0.0778841
-0.0287151
0.00998114
-0.049615
-0.0113502
0.0119941
0.0580697
0.140907
0.289471
-0.0115565
0.195036
0.0661869
-0.00476978
-0.0218323
0.304944
0.19591
-0.0972149
-0.600153
0.169592
0.115425
-0.154799
0.009581
0.191278
-0.0137416
0.148494
0.0548126
-0.0854488
0.170129
-0.0200936
0.0111291
-0.102987
-0.109943
-0.0617749
-0.122415
-0.180341
0.0712314
-0.0619911
-0.00537548
-0.166081
0.220413
0.268676
0.382547
0.067692
-0.452901
-0.0592036
-0.0371524
0.0900033
0.282577
0.0286735
-0.275938
0.151182
0.275307
-0.0874223
0.291339
0.0465645
-0.104978
-0.217357
-0.121098
0.310798
-0.167645
0.0307246
0.150819
-0.0183199
-0.0633288
-0.265211
-0.128768
-0.228204
-0.49299
0.076361
-0.0244649
0.159882
-0.0142567
-0.196256
0.178328
0.30338
0.0595166
0.107922
-0.229766
-0.152714
0.194647
0.280012
0.387848
0.273525
0.295828
0.0533663
0.0482692
0.0659327
-0.163434
-0.0718058
0.0181537
-0.0182174
-0.257016
0.277725
-0.254465
0.442231
0.00439651
-0.0301675
0.220157
-0.0115953
-0.199722
-0.18462
0.0837523
0.140957
-0.135504
0.155709
0.0425539
-0.107728
0.0462879
-0.0259118
-0.15091
-0.0149098
0.115514
-0.247588
-0.313891
-0.28135
0.166296
0.0803471
-0.387307
-0.311692
0.198061
0.0604756
-0.0543839
0.0243214
-0.0194852
-0.0914627
0.436202
-0.32181
-0.0526133
-0.302592
-0.240169
-0.13346
-0.0675254
0.355322
-0.215676
-0.149522
-0.0893004
-0.0323066
-0.0752249
-0.129442
0.153871
-0.0628872
-0.121701
0.371507
-0.118908
-0.128704
-0.0283658
0.0169754
0.0276792
0.0333362
-0.127239
0.731907
0.037636
0.473259
-0.0253394
0.366268
-0.127468
-0.115235
-0.13558
0.27736
0.285224
0.0553064
0.176082
0.00452441
-0.289869
-0.513046
0.26159
0.352142
0.0320449
0.0556379
0.0580522
-0.0965035
0.393548
-0.00568894
-0.0333525
-0.109102
-0.307101
0.0872108
-0.0307775
0.177362
0.453132
-0.0834572
0.19133
-0.15066
0.0396464
-0.109941
0.0440223
0.113118
0.189074
-0.0809109
-0.156661
-0.0258026
-0.0118615
-0.235007
0.0669901
-0.113505
0.438951
-0.193588
-0.00450874
0.190558
-0.578368
0.225801
0.714819
0.212562
-0.00363029
-0.347691
0.0791368
-0.0692945
0.0450827
-0.20812
-0.088184
0.653737
-0.019948
-0.239009
0.634553
0.520898
0.0705468
-0.0109107
-0.153973
0.206606
-0.098669
-0.0287612
0.0978431
-0.244104
-0.106878
-0.196068
-0.0508748
0.0228864
-0.330335
-0.0889261
0.172722
-0.306507
-0.0912033
0.0459139
0.0263611
0.140821
0.042448
0.239171
-0.103069
-0.0179948
-0.105875
0.0810238
0.104954
-0.323724
-0.0964283
-0.292449
-0.120591
0.234487
0.190586
0.0312539
-0.0786897
-0.209309
-0.0366755
-0.0406273
0.216304
-0.0567932
-0.211163
-0.0931016
0.247483
0.0850101
0.815798
0.11974
0.0493263
0.275061
-0.293572
0.255227
-0.167227
0.442421
-0.151293
0.126384
-0.0229163
-0.0842904
-0.0498056
-0.0647575
-0.279915
-0.0101384
0.403537
-0.100064
-0.578344
-0.0136854
-0.0716146
0.116611
0.403302
-0.0509524
0.0113004
0.261001
0.132291
0.0998408
0.0968132
-0.502156
0.152861
0.15022
0.0826458
0.274556
0.13348
0.0585358
0.00846939
-0.31253
-0.230311
0.285643
0.299536
-0.402495
0.0687106
-0.135151
-0.148238
0.0165574
-0.0526982
-0.307335
-0.149999
0.357337
0.0203737
-0.0993313
-0.228374
-0.109619
-0.150801
-0.0332768
-0.171384
0.348461
-0.074242
0.260471
0.0301741
-0.0997259
-0.125144
-0.218222
-0.292062
0.346294
-0.160337
0.261966
0.0601954
-0.0716853
0.118193
0.254784
-0.259242
0.230332
-0.10093
0.00105962
-0.0738192
-0.0716954
-0.028543
0.0648442
-0.0545743
-0.0584444
-0.0748884
-0.528898
-0.247956
-0.0663564
-0.0316988
-0.417159
-0.0553387
0.19731
-0.0214742
0.0617873
-0.389561
-0.200973
0.073488
0.135419
0.103023
-0.36934
0.221268
0.0508918
-0.0941404
-0.271204
-0.0303192
-0.118901
-0.0547302
-0.0272741
0.19163
-0.214171
-0.894054
0.0868948
-0.222704
-0.298631
-0.181139
-0.3059
0.154519
-0.0675434
0.188709
0.021271
-0.133297
-0.359346
-0.0767399
0.0660623
-0.0872551
-0.0685899
-0.313754
0.0913225
0.0268525
0.0154273
0.111137
0.24566
0.327968
0.291049
-0.112226
-0.029024
0.0179445
0.115759
0.0164204
-0.212001
-0.0390609
-0.139431
0.212837
-0.399221
0.109716
0.0323345
-0.139684
-0.119003
0.0450434
0.135146
0.105555
-0.0288566
0.0582455
0.0437398
0.121424
0.0847232
0.182408
-0.0235123
0.0653244
0.258225
0.140136
-0.0465323
-0.268135
-0.253505
-0.183649
0.00570935
-0.00552798
0.123259
-0.178842
-0.08369
-0.0202034
0.0773595
0.00653545
0.00248559
0.0312775
0.0430621
0.0906885
0.201323
0.0477676
-0.619971
-0.607666
-0.548462
-0.166996
-0.0146299
-0.0683531
0.176808
-0.427491
0.104468
-0.516433
-0.158685
-0.0672911
0.285005
-0.2603
-0.409766
-0.36635
-0.167892
-0.101083
-0.0623351
-0.119241
0.262253
-0.229741
0.52043
0.112937
0.00146867
0.021606
0.0759741
0.171863
0.107632
0.339456
0.319272
-0.202604
-0.0963559
-0.398028
0.0459686
-0.0658065
-0.430856
0.0188969
-0.286895
-0.0446256
-0.122369
0.129618
0.590938
0.0128012
0.38001
-0.0319641
0.160486
-0.110082
-0.0262889
-0.169683
-0.388959
-0.0098332
-0.0711631
-0.352853
-0.305353
-0.0394095
0.504262
0.468516
-0.078408
-0.538987
-0.140153
-0.236435
-0.0802916
-0.00527115
-0.185931
0.092415
0.358498
0.0742597
-0.00875931
0.0382343
0.150326
-0.122965
-0.353489
-0.0290644
-0.21079
-0.143899
-0.0723282
0.0225206
0.000629194
-0.13109
-0.0476
-0.320368
1.25921
-0.216336
-0.276984
-0.0383187
0.0436596
0.277501
-0.418927
-0.0752385
0.387797
0.0842237
0.119713
-0.046538
0.0240556
0.611776
0.197007
-0.273005
0.00397708
-0.0529016
-0.58362
-0.000473402
-0.303442
-0.0962567
0.14927
0.157384
0.271348
-0.210665
-0.0145427
-0.223501
-0.129134
0.0921259
-0.287749
0.165712
-0.502723
-0.649834
-0.12776
-0.185443
-0.702641
0.0857167
0.253578
0.384331
-0.15307
0.31241
-0.166079
-0.223873
0.154161
0.205294
0.180988
0.137343
-0.0219309
0.0656358
-0.263354
-0.0395379
0.0762194
0.384859
0.995385
-0.0501232
-0.153639
-0.161711
0.14248
0.137567
0.363153
0.312112
-0.0919699
-0.0800608
0.343164
-0.145241
-0.242014
-0.580988
0.132742
0.0601799
0.0384342
-0.369056
-0.00522779
0.0290208
0.389782
-0.371191
0.18969
0.0567837
-0.0185854
-0.316704
-0.0130938
0.0926838
-0.16649
0.339455
0.104178
-0.114056
-0.0516546
-0.255886
0.0316445
0.248239
-0.0772705
0.276326
0.378895
0.0219918
-0.189171
0.0280139
0.129392
0.231445
0.00736823
-0.107484
-0.0359193
-0.0323769
-0.00328184
-0.0684728
0.065259
-0.152697
-0.358587
0.0132878
0.204145
0.0814853
-0.151173
0.160275
-0.018056
-0.342529
0.0070813
0.0187994
0.0711182
0.105378
0.110191
0.0497579
0.235113
0.390172
0.282701
0.213698
0.252653
0.0353505
-0.0593916
0.297306
0.186414
0.0237061
0.162149
0.297621
-0.117507
-0.346954
0.2384
0.247718
0.0682181
-0.0241835
0.0195148
-0.10895
-0.206305
0.271517
0.000208436
0.0599069
-0.192031
-0.148329
-0.0197977
-0.312335
0.324989
0.234289
0.00740472
-0.117561
-0.221101
-0.135279
-0.253703
-0.140223
0.0487635
-0.03764
0.0441049
-0.482741
-0.344068
-0.0985368
0.16839
0.0281724
-0.178876
0.0298823
-0.258823
0.192775
0.321831
-0.15632
0.615361
-0.219851
-0.0286864
-0.118017
-0.0283955
-0.0439876
-0.0892855
-0.0221512
0.100922
0.238571
-0.0462639
-0.018937
-0.0158187
-0.0109313
0.147421
-0.00424237
0.0699194
0.111299
0.0821863
-0.032451
-0.124688
-0.193605
-0.0688585
-0.0650868
0.25932
0.065516
0.0400824
-0.00874687
0.392933
-0.0198471
-0.120085
-0.105161
-0.175149
-0.16486
-0.0193739
-0.278755
-0.0559134
-0.39152
-0.0831436
-0.0350806
0.106293
-0.301664
0.0425963
-0.0522404
-0.235384
-0.234387
0.0967536
-0.228712
-0.0543041
-0.234027
0.0404793
0.00835667
0.0189434
-0.10616
0.00599417
0.146219
-0.0113016
-0.0640372
-0.128329
0.00366681
-0.534844
0.000728441
-0.0643468
-0.0571502
-0.211601
-0.532881
-0.0638102
-0.102745
-0.279132
-0.321412
-0.0745736
-0.392543
-0.109147
-0.285143
-0.22661
0.0283906
0.0406326
-0.0822692
0.0599697
-0.0455153
-0.450493
-0.26856
-0.0314901
-0.23034
-0.0474405
-0.119273
-0.14498
-0.175072
0.115994
-0.126256
-0.00216849
-0.0477635
0.0297466
-0.260117
0.0355877
-0.151066
-0.0941505
-0.221465
-0.246423
-0.0591431
0.11694
0.267936
-0.235823
0.0795487
0.122487
-0.0488807
-0.422279
-0.00174015
-0.137873
0.0813606
0.245271
0.20904
-0.0592392
-0.162628
-0.615188
0.189759
0.153451
-0.0834719
-0.404981
-0.212062
-0.721218
0.380657
-0.0628858
-0.0497829
-0.149153
-0.119426
0.114051
0.00929229
-0.252127
0.0404691
-0.137906
-0.0874876
0.103598
-0.0260183
0.0171301
-0.0633608
0.224054
-0.111582
0.180688
-0.105249
-0.0554672
-0.160116
-0.577774
0.0119984
0.46892
-0.13006
-0.271606
-0.183739
-0.240143
-0.165453
0.0311396
-0.0357643
0.334654
0.418346
0.306897
0.0714418
0.577519
-0.034252
-0.326789
-0.0155067
0.0445303
0.1709
0.374814
0.101702
0.157927
-0.0750064
0.31295
0.244284
-0.197662
0.00424022
-0.43119
-0.284595
-0.0778324
-0.0168561
-0.279289
-0.518965
-0.110739
-0.0730531
0.161828
0.76452
-0.0332803
0.00118345
0.00826859
0.0117731
-0.0307253
-0.0522857
-0.131889
0.293018
-0.00509016
-0.0781953
0.0549327
0.147828
-0.12658
0.311566
0.169029
-0.18313
0.305434
0.330029
-0.313364
-0.152159
-0.129843
0.00857753
0.0296651
-0.0179944
-0.0783742
0.0798783
-0.124154
-0.53358
0.123651
0.0891704
0.0628322
-0.0241789
-0.363225
-0.252957
0.0971516
0.159954
-0.4181
0.243887
-0.0848771
-0.238621
-0.257006
-0.0174178
-0.0068491
-0.110969
0.323975
-0.505895
-0.343899
-0.301112
0.605834
-0.26934
0.69445
0.362683
-0.295136
0.124598
-0.0125947
-0.186666
0.38988
-0.11525
0.156845
0.122551
0.0975184
0.0136106
-0.05803
0.0665131
-0.0217521
0.157081
0.0066668
-0.0820314
-0.129111
-0.292781
-0.0952192
0.160508
0.295888
-0.119088
0.317721
-0.129527
-0.143248
-0.122203
0.086141
0.22317
-0.166748
0.168449
-0.157936
-0.515024
-0.184078
-0.190964
0.162573
-0.115169
-0.159082
-0.101754
0.0482077
-0.110416
-0.216623
0.0546222
0.349445
-0.0727413
-0.0670201
0.0476753
-0.00216279
0.107551
-0.00944885
-0.136687
0.0286809
-0.0780003
0.0167201
-0.117662
0.0176875
-0.141888
0.154877
-0.347015
0.0877441
-0.312414
-0.000639129
0.00626992
-0.148495
-0.104003
0.328145
0.531797
-0.320409
-0.346105
0.058629
-0.0709617
0.267866
-0.0333292
0.454085
0.176786
-0.211865
-0.376193
-0.0659079
0.248361
0.208881
0.413077
-0.0231618
-0.0405095
-0.074042
-0.0276953
-0.100292
-0.121209
-0.0742951
-0.102689
0.0493485
0.0587857
0.0485235
-0.149361
0.00345864
0.0191947
-0.115192
-0.120417
-0.0719344
0.0542378
0.206624
-0.0904759
-0.287876
-0.0580863
0.326782
-0.641848
-0.508964
-0.125717
-0.149947
-0.0494105
0.0302297
-0.0902734
-0.145142
0.0115146
0.273642
0.170425
-0.0258752
-0.0277814
-0.224354
0.0956665
-0.0486164
0.0856286
0.0848646
-0.0151041
0.0324808
0.431315
-0.454771
-0.00346681
-0.202111
-0.181346
-0.155605
-0.00215881
-0.195892
0.0470224
0.167832
0.10569
0.237019
0.280648
-0.179301
-0.0418058
-0.0177118
-0.174859
-0.0516341
0.0225824
-0.328159
-0.049847
-0.186646
-0.264967
-0.161975
0.0335254
0.374181
0.0253123
-0.145007
0.0252195
-0.0454657
0.432913
-0.0475254
0.435461
0.14984
0.0217934
-0.00394066
0.32699
0.0488206
-0.160534
-0.00563785
0.04025
0.280648
0.326934
-0.341035
0.244932
0.196079
0.872197
-0.156239
-0.0411539
0.0032108
0.0102318
0.238846
-0.101481
0.246276
0.317046
-0.017572
-0.198396
0.0549045
-0.280995
0.189709
0.49041
-0.0109064
-0.069491
-0.197948
0.0832739
0.164387
-0.172943
-0.123706
0.278173
-0.356745
-0.0252388
0.141458
0.0849202
0.3771
-0.208085
-0.115986
-0.298457
0.102768
0.164864
0.24437
0.242226
0.0283688
0.0989526
-0.201397
-0.264856
-0.176409
-0.161646
-0.0994229
-0.051041
-0.033558
-0.0709017
0.215125
0.128587
0.552811
-0.58003
0.137018
0.267988
-0.0734302
-0.315332
-0.146971
-0.20065
0.00914647
-0.0624253
-0.196795
0.18268
0.0257223
-0.0669099
0.0362165
0.060805
0.148777
0.0187684
0.415513
0.0486702
-0.31194
-0.167938
-0.0573865
-0.0336537
0.0635534
0.260851
0.174492
-0.0751847
-0.183298
-0.661006
-0.495874
-0.628181
-0.50774
-0.252038
-0.0680946
-0.212209
-0.234286
0.225842
-0.00795229
-0.0121097
0.0674224
0.071616
-0.208202
-0.211171
-0.0416964
0.31091
-0.0346509
-0.147856
0.617464
0.489311
0.329014
-0.0995235
-0.122683
0.29607
-0.00637151
-0.179821
0.0167335
-0.315671
0.112267
0.0122406
0.08377
-0.0255683
-0.0475421
-0.126985
-0.012497
-0.0660704
-0.0595303
0.0162966
0.0382052
0.0191137
0.0342194
-0.00398329
0.0854332
-0.016567
0.239752
0.00756537
0.00446738
-0.287794
-0.106172
0.000695051
-0.00521019
0.0321932
0.160962
-0.029621
0.482315
0.275021
0.0346824
0.0342433
0.0669577
-0.13203
-0.036248
-0.0979871
-0.0260858
-0.0569614
0.419948
-0.473391
0.433313
-0.267795
-0.131334
-0.298094
-0.195837
0.203948
0.293306
0.0211103
0.0193908
-0.138147
0.0286144
0.340651
0.226049
-0.0783742
-0.146232
-0.0150845
-0.0730454
0.112105
-0.0980097
-0.0303585
-0.428699
-0.275037
0.0264597
0.0912742
0.0488974
0.0742446
-0.63245
-0.465281
0.157283
-0.205606
-0.0441457
-0.0244825
-0.136366
-0.663918
-0.0787026
-0.107768
-0.602712
-0.702287
0.208047
-0.450091
0.0817969
-0.0885455
0.193024
0.186009
0.231144
-0.0167675
0.0269606
0.399319
0.218531
-0.0658892
-0.00392893
-0.00874513
-0.0469562
0.110808
-0.186221
-0.102481
-0.157941
-0.114336
0.133917
0.0521374
-0.0320638
0.0201741
0.280521
-0.0192676
0.210603
-0.351977
-0.13361
-0.13278
-0.194188
-0.148694
-0.255154
-0.397391
0.165106
0.0561099
-0.490812
-0.187632
0.113584
0.506094
1.20544
0.0754814
0.198236
-0.00147092
-0.231889
-0.229048
-0.0211475
-0.386211
-0.147094
-0.220174
-0.251999
0.260105
-0.035883
-0.0938864
-0.0294696
-0.0130212
0.109464
0.440027
-0.327598
-0.0867845
-0.0371348
-0.0196228
0.208981
0.302825
1.13868
-0.00451361
0.258543
-0.165123
-0.0850227
-0.0426652
-0.141331
0.0714681
0.0177402
-0.0609242
-0.884837
-0.162764
0.128235
-0.346409
-0.511226
0.0536843
0.175883
0.00184233
-0.0667957
0.0432507
0.0881649
0.0914438
0.154095
0.138093
-0.0974613
-0.0670972
0.235473
-0.0578476
-0.084615
0.0115532
-0.06741
-0.510996
-0.0310896
0.121755
0.235351
-0.00682662
0.253024
0.202615
0.135829
-0.195115
0.00368457
0.0816459
-0.00401849
0.388297
0.0067974
0.192864
0.15352
0.175788
-0.0905847
-0.139636
0.295334
-0.0406243
0.205852
0.316853
0.290181
0.0724184
-0.168472
-0.190244
-0.0308477
0.0611777
-0.00129608
-0.0956028
-0.157265
-0.149593
-0.0128058
0.0121752
-0.0262647
0.155719
-0.251406
0.116891
0.0716419
0.0644426
0.317603
0.364854
0.103705
-0.0811428
-0.306205
-0.170968
0.0983911
0.152329
-0.222733
-0.0127824
0.00868538
0.0611329
0.154904
-0.0232325
-0.0722757
-0.176485
0.0393958
-0.0580367
0.109945
-0.0200226
-0.0679088
-0.0272561
-0.0959977
-0.234582
0.292808
-0.165037
-0.33934
-0.355592
-0.53189
-0.0111073
0.0641878
0.00936799
-0.0662449
-0.111935
-0.230936
-0.175969
-0.288445
-0.567873
0.117959
-0.346121
-0.389352
-0.0595344
0.00890044
-0.0388045
-0.292388
-0.0608109
-0.0590959
-0.0718385
0.00498738
-0.121492
0.0298671
-0.345679
-0.080594
-0.383975
0.127864
-0.0595394
0.116375
-0.114829
0.748709
-0.0560096
0.313154
-0.0706378
-0.180995
0.271831
-0.0825523
-0.194681
0.462543
0.470763
1.37941
0.330977
0.215489
0.4167
0.13546
-0.315379
0.209406
0.176307
0.230596
-0.00174015
-0.722089
-0.0272857
0.0219352
0.0131596
0.165174
-0.156086
-0.159712
0.0561355
0.0539278
0.0640802
-0.00622197
-0.307528
-0.269053
-0.0686144
0.0250467
-0.201022
0.335263
-0.0478414
-0.234734
-0.0530299
0.0715596
0.188626
0.0918875
0.25512
0.122557
0.21544
-0.0101056
0.101212
-0.00884862
0.176601
-0.0420378
0.0699929
-0.0322768
0.216849
-0.0182075
-0.0278459
-0.0701856
-0.11148
-0.229807
0.0669737
-0.0799414
-0.120156
-0.236856
-0.0680716
-0.0856257
-0.14886
0.253311
0.12077
-0.124458
-0.0113641
0.0774516
0.0828755
0.166642
0.105169
0.0758951
0.234766
0.0598773
0.143262
0.111078
-0.0154302
0.0424701
-0.0623976
-0.116789
0.327145
-0.0104948
0.155632
0.053051
-0.494358
0.275837
0.325164
0.285715
-0.061396
-0.0300664
-0.0497979
-0.143336
-0.00352294
0.0396121
0.565136
0.48934
-0.189168
-0.201907
-0.176742
-0.0306014
0.00423807
-0.0189779
0.00534663
-0.11205
0.139506
-0.00205531
-0.485628
-0.159092
0.0357283
0.236512
-0.164234
-0.147801
-0.2177
0.0709891
-0.00632032
-0.116315
0.0831641
-0.0588225
-0.133469
-0.0938723
0.0536726
-0.199934
-0.0763285
-0.0542969
-0.097709
-0.17718
-0.0839671
0.430863
0.0696526
-0.169693
-0.0928132
-0.274888
-0.196328
-0.301927
-0.0920473
-0.0895584
-0.2876
0.0643706
0.0647385
0.101757
0.0123849
0.0578456
0.00676998
-0.0320603
-0.0309001
-0.287347
-0.214598
-0.0877892
0.192724
-0.00761754
-0.0830693
0.0342319
-0.265687
0.562706
-0.128636
0.0776863
-0.142514
-0.0339632
-0.0191252
-0.2335
0.0806443
-0.36031
-0.373809
-0.476246
-0.490165
-0.0443433
0.011158
-0.0592487
0.0426979
0.0293153
0.443531
0.588214
-0.252166
0.0125413
-0.0372265
0.636018
1.08885
-0.121447
-0.016152
-0.232588
-0.228658
0.06494
-0.321366
-0.152819
-0.0629066
-0.0211967
0.247914
0.202584
-0.00344661
0.279093
-0.10013
-0.0908886
0.0164742
-0.0793579
-0.0618451
0.0334217
0.00954347
0.113635
0.233556
-0.499276
0.196309
0.0480857
-0.0839626
-0.00191057
0.0114317
-0.10737
0.0310356
0.094967
-0.142622
-0.237215
-0.119465
-0.116726
-0.312581
-0.360202
-0.1458
0.149884
-0.132151
0.0385689
-0.0135371
0.159042
0.0959902
0.0673115
0.121198
-0.0368012
-0.083356
0.110985
0.146949
0.463181
0.296378
0.241659
0.234256
0.267865
0.151823
-0.213985
-0.039853
-0.00287703
0.0664264
0.13352
-0.0527362
-0.0969975
-0.143492
-0.00945604
0.0533361
-0.535987
0.180777
0.123416
-0.140722
-0.177774
-0.0254004
-0.114749
-0.0920692
0.0124967
-0.243116
-0.157318
-0.174637
-0.0786362
-0.0034713
-0.0176692
-0.198775
-0.0167987
-0.0366089
-0.0892716
-0.0698494
-0.0110178
-0.0797589
-0.0981723
0.0378416
0.0941444
-0.128946
-0.215518
0.0528588
-0.4011
0.195351
0.298684
0.00319667
0.157548
-0.0011649
0.263142
-0.119571
-0.319735
0.247784
-0.406722
0.0582313
0.0366311
-0.106478
-0.155353
-0.0886427
0.119534
0.322996
0.496518
0.0610721
0.163019
-0.213983
0.00180299
-0.071942
0.0177902
0.227656
0.0965041
0.214031
0.0952101
-0.0421786
-0.295517
-0.103871
0.162878
-0.108072
-0.446271
0.039098
0.147865
0.158302
0.0622379
0.294316
-0.123286
-0.173123
-0.450974
-0.268294
-0.0887845
0.0101625
-0.0935004
0.349465
0.319772
0.230353
-0.0959343
-0.223255
-0.464602
0.153279
-0.119495
0.040466
-0.284741
-0.0607397
-0.0900867
-0.0315523
-0.0452059
-0.214302
-0.0384941
-0.177501
0.0108744
0.10494
0.00714145
-0.0514381
0.0603528
0.0575086
-0.0210258
-0.0541992
0.400456
0.0422259
0.269408
-0.0402463
0.0858178
-0.0426398
0.0135045
-0.118113
0.0153861
-0.0739203
-0.0872107
0.172745
0.00216632
-0.176332
0.156738
-0.0687906
-0.232694
-0.0251994
0.604488
0.408852
0.215742
-0.0867152
-0.0694618
0.169589
0.00993565
-0.141689
-0.106226
-0.171669
0.310555
0.139968
0.229339
