0.0836511
0.340832
-0.0500567
0.0650119
-0.149281
-0.367939
-0.177048
0.486645
-0.0793123
0.379381
0.68609
0.350171
-0.134425
-0.069687
-0.0199081
-0.0432906
-0.410425
-0.26179
-0.329445
-0.00986797
-0.0254937
0.0450393
-0.328197
0.0280213
-0.441415
-0.118724
0.0531766
-0.345729
-0.303621
-0.078534
1.17864
-0.0279556
0.0128839
0.0209458
0.070941
0.129284
0.118565
-0.284985
0.236536
0.0451337
0.0726054
-0.162227
0.117116
0.213881
0.0100523
-0.124597
-0.0166665
0.0666816
-0.338082
-0.156215
-0.340646
-0.0174391
-0.649832
-0.118006
-0.623438
-0.200478
-0.0995905
0.0436449
0.111273
-0.0137459
0.0139079
0.272866
0.0569787
0.0220766
-0.0211589
-0.244335
0.563592
0.298948
-0.145747
-0.0531941
-0.23594
-0.060971
0.520435
0.0109784
0.0882899
-0.353324
-0.10271
-0.0351268
0.0809853
0.0450404
-0.416448
-0.165563
-0.0437513
0.0154671
-0.0603848
-0.10572
-0.0390555
0.106836
-0.0921476
0.0842659
0.0820363
0.147729
-0.045518
-0.0427353
-0.0582072
0.00235657
-0.0439012
-0.0969611
-0.0462951
0.0223645
-0.102054
-0.0219547
-0.046392
0.2132
-0.0563776
-0.0575298
-0.24268
0.275458
0.041664
0.101577
-0.110702
-0.129442
-0.117164
0.06418
-0.291062
0.00972373
0.443192
0.488459
0.344627
0.240493
0.432655
0.235476
0.579708
0.0793685
-0.159466
0.00712887
-0.193874
0.211037
0.164414
0.283229
0.121051
0.195807
0.0676317
0.0207489
-0.389579
0.0459134
0.0936755
0.173024
0.108297
0.127584
0.120373
0.381921
0.392801
-0.0362411
-0.0414813
-0.104663
-0.272886
0.0889915
0.237915
-0.0806484
0.393984
-0.00925164
0.378153
0.146855
0.0392102
0.172448
0.298859
0.081866
-0.140007
0.0584042
0.138047
-0.279055
-0.351037
0.185475
0.00678813
-0.0514826
0.0790568
-0.00762104
-0.158995
-0.0665643
0.297259
0.380921
0.0771027
0.0584803
-0.441801
-0.171581
0.172665
-0.00645621
-0.0571281
-0.653838
-0.0716262
-0.182372
0.129112
-0.205603
-0.157768
0.494981
0.0760195
0.132285
-0.0148302
0.265554
0.137184
0.273142
-0.0377045
0.0587554
-0.0302097
0.106325
-0.107451
-0.0527227
-0.150446
-0.26621
-0.246932
0.0659659
-0.163749
0.102874
-0.114039
0.076976
-0.1473
-0.162095
0.0797806
-0.269068
-0.142397
0.0607229
-0.135462
0.0412916
0.00736991
0.0469897
0.0788178
-0.141856
-0.233386
0.1089
-0.116993
0.208038
-0.130213
0.675439
-0.121492
0.00945138
-0.00668869
-0.775014
-0.171833
0.0397754
-0.281711
0.209593
0.150986
-0.16839
0.154768
-0.112867
-0.125109
0.0082116
-0.0904099
0.0575042
-0.421162
-0.110715
-0.125678
0.16751
-0.0722547
-0.0516403
-0.13331
0.19283
-0.127273
-0.251926
0.0183734
-0.101603
-0.166892
-0.275519
-0.102254
-0.447096
-0.325972
0.0255016
0.0492218
0.038833
-0.276526
0.218773
-0.0150465
-0.224053
0.0725183
0.0472553
-0.249106
0.0691503
-0.022829
0.517455
-0.0774517
-0.256935
-0.00749948
0.335923
-0.119613
-0.0386753
-0.13879
0.0374858
-0.25921
0.0978171
-0.291366
0.539178
-0.115396
-0.468844
-0.0492124
-0.00375294
0.345528
0.861394
0.43931
0.0641213
-0.478491
-0.451719
-0.10613
-0.191626
0.0681342
-0.140182
-0.875607
0.306896
-0.205203
0.0434935
-0.165403
0.122603
-0.39465
-0.334994
0.0392875
0.0328817
-0.317255
-0.178788
-0.385672
-0.109602
0.088733
-0.48905
0.139612
0.713374
-0.0746131
0.253364
0.125116
-0.00697298
0.0323206
0.194118
-0.144601
-0.0103935
-0.0359787
0.0263552
0.26302
0.0135987
0.0261073
-0.405091
-0.111166
-0.0215239
0.0900625
0.168016
0.11216
0.0115965
0.0575042
0.0369463
-0.204881
0.0545124
-0.0910105
0.143069
-0.00970882
0.199494
-0.0964952
-0.348592
0.0311752
0.351875
-0.0225509
-0.218504
-0.0170072
0.184345
0.0629809
0.0885878
-0.142432
-0.261447
0.0649838
0.0537091
-0.141089
0.00951014
-0.485236
0.235966
-0.164345
0.0588533
-0.14729
-0.11268
0.0017489
-0.0862481
-0.198472
0.0783259
-0.177597
-0.119128
-0.0763894
-0.404083
0.026555
0.161833
1.14541
-0.349816
-0.317953
0.269174
0.157804
0.0703677
-0.275168
0.100525
0.26192
0.0480806
-0.114814
0.0234534
-0.0692108
-0.279738
-0.140772
-0.206097
-0.13169
-0.0365147
-0.102009
0.0817051
-0.157274
0.223941
0.000819139
0.209155
-0.0576535
-0.113294
0.253785
-0.0189678
0.134801
-0.306758
-0.333383
-0.289084
0.189983
0.282574
-0.738843
-0.394025
-0.186798
0.94454
0.0286607
0.756572
-0.158443
0.221707
-0.0701237
-0.173692
-0.0792503
-0.0320923
-0.0352499
0.00176468
0.279071
-0.698077
0.168818
0.0968119
-0.0348694
-0.243219
-0.0455209
0.3066
-0.233822
0.196231
0.0415612
0.11882
-0.208054
0.118192
-0.0312224
-0.00233455
-0.0306319
0.00106943
-0.0801288
-0.293903
0.0337619
0.117243
0.10244
0.272217
0.00528735
0.0902424
0.124813
-0.418182
-0.0651704
0.0797901
-0.0862394
0.00486786
-0.206301
-0.0905968
-0.00274027
0.0868327
0.405498
0.329532
0.471877
-0.107067
0.114512
-0.033943
0.206128
-0.03759
-0.188608
-0.0954473
0.0438538
0.023963
0.203532
-0.0557536
0.0296586
-0.0997644
-0.108381
-0.233741
0.122989
0.922616
-0.0504129
0.326647
0.11228
-0.0600359
-0.1937
0.302842
0.463843
0.147913
0.0314126
0.213204
-0.112655
-0.248087
-0.165336
0.0633848
0.0324636
0.0519297
-0.0212673
0.388553
0.169195
0.0928394
-0.223069
0.214065
-0.477481
0.204144
0.213154
-0.115884
0.182714
0.302757
-0.212305
0.162789
0.366918
0.243459
0.164669
-0.0563984
0.175101
-0.0654614
-0.565973
-0.0269274
0.00953739
-0.102082
-0.0420038
-0.0100626
-0.0706509
0.367261
-0.203925
-0.189263
-0.0210245
-0.0974175
-0.176719
-0.117078
0.0759876
0.245878
0.0290441
-0.0896439
-0.191003
-0.116553
0.0904132
-0.0963107
-0.0120859
0.354936
0.131569
0.140423
-0.129972
-0.13847
-0.0170665
0.0698109
-0.0999203
-0.107483
-0.143283
-0.200039
-0.278722
-0.0771099
-0.0108611
-0.0505137
0.0703053
0.180999
-0.146868
-0.00237869
-0.260604
-0.0461428
-0.261314
-0.172799
-0.183663
-0.0850945
0.0304091
-0.217512
-0.259486
-0.221249
0.131173
0.0516099
-0.477698
-0.189988
-0.593611
0.211341
-0.120287
-0.0332304
-0.102907
-0.168488
0.380659
-0.199913
-0.0686736
-0.31736
-0.0359678
-0.142161
-0.0353835
0.384832
0.127421
0.480076
-0.176338
-0.106646
-0.0397171
0.0903277
0.0610066
0.128647
-0.749292
-0.00468318
-0.089222
0.0567524
0.0057489
0.13125
0.0406476
-0.372729
-0.307467
-0.282387
-0.176454
-0.183401
0.400411
-0.098056
-0.0181491
-0.243187
-0.0542409
-0.0696403
0.153164
-0.128448
0.121431
0.141786
-0.201441
0.710639
-0.153615
-0.264756
0.563894
-0.0762628
-0.382889
-0.548243
-0.0746055
0.710011
0.0488885
-0.83479
-0.822326
0.351811
-0.308026
0.0435632
-0.0800678
0.0338712
0.0745958
-0.116001
0.0717023
-0.387835
-0.146826
0.0390469
-0.0815748
-0.0168782
-0.0368965
-0.0684259
0.0881029
0.00988211
-0.102364
-0.0503052
-0.240911
-0.472888
0.126919
-0.206572
-0.0995985
0.0896195
-0.0808416
0.0789667
0.0151131
0.11165
-0.0713048
0.0321102
0.0820682
0.203969
-0.0868367
0.119581
-0.0545218
-0.187424
-0.457519
-0.0674346
-0.205208
-0.141268
-0.139061
-0.132937
0.0929907
-0.23626
-0.323781
-0.319962
-0.172129
0.156217
0.163222
0.603242
0.346593
0.0272957
-0.0785782
0.235242
0.0190276
0.118836
-0.0717189
-0.106598
-0.137339
-0.161074
-0.13121
-0.074673
-0.0533959
0.087784
0.119708
0.0198698
-0.029133
-0.191028
-0.136725
-0.0611916
-0.0928151
-0.0780429
0.0349968
0.345145
-0.0910966
-0.348487
-0.246447
0.104215
-0.386446
-0.079195
-0.00568545
0.148051
-0.00574045
0.0341225
-0.0289404
0.153216
-0.189476
-0.201272
-0.192627
-0.224426
-0.495519
-0.103637
0.119966
-0.122783
0.198548
0.0460925
0.0666402
-0.100558
-0.0417987
0.122886
-0.0386365
0.59476
0.641563
-0.185876
-0.242171
0.145123
0.00122604
-0.0898754
-0.250543
-0.125311
0.00529784
-0.120023
-0.381175
0.0449695
-0.0790786
0.174391
0.0369705
0.0578492
-0.129349
-0.139861
-0.233096
-0.00603758
0.0741572
0.454279
0.49886
0.256592
0.11816
0.199178
0.112356
-0.228526
-0.120568
-0.161944
0.0363007
0.25706
0.194009
-0.109421
-0.147475
-0.53446
-0.26028
-0.242643
0.111432
-0.337036
-0.052135
-0.0200147
0.226133
-0.0489726
0.0377456
-0.000901041
0.0607229
0.103562
-0.00978157
-0.0131197
-0.0214413
-0.13296
-0.0454493
-0.0195619
-0.00837385
0.0258877
-0.0426327
0.0893667
-0.0671802
-0.106414
0.208086
-0.101777
-0.219505
0.0656365
0.127856
0.110572
0.0832893
0.271082
0.451186
-0.439847
-0.129461
0.0138674
0.0168756
0.0891334
-0.160072
-0.285518
-0.0348917
-0.00689086
0.345077
0.299372
-0.177996
0.0827131
-0.00473604
0.0578764
0.0631199
0.17691
-0.280817
0.104485
0.119855
-0.375748
-0.0935643
0.00224878
0.0254041
-0.00708292
0.290455
-0.304783
-0.47045
-0.549004
0.0511047
0.206257
-0.318251
0.153659
-0.0645425
-0.0314092
0.0999531
0.00594949
-0.0641744
0.13909
0.171147
0.125474
0.0666784
0.253193
0.0314856
-0.0244951
0.248108
0.287202
0.129114
0.568032
-0.0625217
-0.011665
0.0377269
0.0317323
0.0753655
0.135908
0.00762337
-0.0564131
0.0159106
-0.0320838
0.5767
0.379958
-0.0116161
-0.0493222
-0.171894
-0.0249578
0.0540574
-0.024586
-0.140359
0.00325839
-0.018173
0.394364
0.242579
0.0123359
0.0134003
-0.150632
-0.309947
0.0512402
0.144325
-0.298783
-0.0623356
0.0265529
-0.438736
-0.0960822
-0.199834
-0.220564
-0.189021
0.115277
-0.216713
0.243785
-0.206369
-0.0966822
-0.187675
0.446617
-0.12843
0.274955
0.230805
0.299615
-0.297438
-0.212277
0.894812
0.489635
0.235141
-0.0683422
-0.10768
-0.244269
-0.140367
-0.251245
-0.139044
-0.0152689
-0.00246683
0.168719
-0.0916816
-0.163885
-0.199894
0.17
0.312211
0.0786655
-0.0838405
-0.156823
-0.219966
0.000310314
0.259324
0.190389
0.0199148
-0.115971
0.160423
-0.0654634
0.0323589
0.0219687
-0.175465
-0.111243
0.611551
1.01163
-0.0508353
-0.0466334
0.131743
-0.391431
-0.0993217
0.80371
0.0976427
-0.231208
-0.130861
0.139918
0.105422
0.491178
0.0200288
-0.161817
-0.0478151
-0.0769863
-0.243935
-0.13879
-0.28078
-0.158643
-0.143111
-0.00753406
0.116845
0.0673007
-0.283562
-0.12351
-0.0516403
-0.194485
0.0504687
-0.107306
-0.0923491
0.111411
-0.114771
-0.274852
-0.407645
-0.0139259
0.124897
0.0745939
0.204983
0.0120803
0.0694975
0.135061
0.170408
0.0502122
0.0342517
0.00868898
-0.841616
-0.0936254
0.0139117
-0.0680179
0.258419
1.06079
0.0894734
-0.123978
-0.0101572
0.0421586
-0.251414
0.102076
-0.164058
0.307666
0.258972
0.110991
0.15967
-0.0428981
0.2427
0.098483
-0.357545
-0.157028
-0.245929
-0.235777
-0.0799809
-0.500932
-0.462849
0.291378
0.17256
1.1895
0.305426
0.0556479
0.359773
0.0512395
-0.0760534
-0.0154303
0.00237372
-0.194676
-0.137472
-0.354018
-0.0056068
0.123326
-0.00090226
-0.00661336
0.0138047
-0.324497
-0.22279
-0.110787
0.217498
0.151654
-0.139846
-0.00934941
0.214669
0.22151
0.256589
0.0911923
0.634771
-0.472707
0.184392
0.126442
-0.0264219
-0.0537841
0.00953653
-0.0569634
-0.695504
0.141244
0.522001
0.453568
0.21443
-0.619053
-0.305425
-0.159824
0.0202926
0.409987
-0.0511111
0.0462232
0.00392649
-0.103605
-0.452503
0.590914
0.000767255
-0.227377
0.137778
-0.126267
0.199828
-0.106878
-0.172458
-0.486074
-0.476328
0.326665
-0.0241089
-0.393845
0.13175
0.24958
-0.111801
-0.160866
0.0139003
-0.17239
-0.249203
0.157578
0.138762
-0.0354031
-0.290542
0.485733
0.226306
0.0936981
0.348583
0.153597
0.142162
-0.0215484
0.0401704
0.199261
0.0944937
0.231006
0.157031
-0.187444
0.00278168
0.257902
0.492193
0.0789311
0.0460243
0.0692509
0.0488055
-0.0153369
-0.0440897
0.509729
0.372369
1.10616
-0.128589
0.0597874
-0.197108
0.439853
0.649785
0.0962635
-0.104995
0.293512
0.0105641
-0.514512
-0.142927
-0.400541
-0.0661938
-0.140557
0.0414638
-0.540823
0.358787
0.21297
0.115574
0.0684615
-0.0473205
-0.146805
-0.181694
-0.144575
-0.134123
-0.078778
0.109154
0.0969964
0.179197
0.22584
0.0586411
0.00237263
0.0641601
0.385928
0.521614
-0.208262
-0.0199941
-0.107961
-0.215879
-0.325193
-0.577341
-0.548741
-0.184181
-0.373987
0.0297474
-0.0718358
0.18361
0.0867769
0.115804
0.0433132
-0.139815
-0.0404475
0.136579
0.262079
0.114605
0.127695
-0.203559
-0.248689
-0.0127077
0.392776
-0.230251
-0.00997168
-0.0561828
0.388328
0.52024
0.374009
0.559693
0.176914
0.0115757
0.290974
-0.393035
0.116241
-0.0111722
0.0282653
0.0176645
-0.0213476
-0.0661269
0.586286
0.142088
0.179054
0.0199528
0.0876273
0.175891
0.02556
-0.0599373
0.0295836
0.0393264
0.147193
-0.019728
-0.00340192
0.18074
0.0237348
0.260666
0.259743
0.0499779
-0.35267
-0.238711
0.168946
0.123911
0.00944551
-0.124298
0.0398812
-0.160875
-0.0434292
1.13901
0.325609
0.0140385
0.0248284
0.101752
-0.297422
0.231136
0.0202419
-0.330667
0.24081
-0.0319375
-0.218058
-0.0734739
-0.0884459
-0.109157
-0.351253
0.0707701
-0.203157
-0.0940639
-0.219886
0.043613
0.461509
0.480389
0.446996
0.453877
0.245944
-0.329734
-0.0315918
0.563545
-0.0530368
-0.0239383
0.0336227
0.55204
0.655793
-0.00189921
0.00374955
-0.238517
-0.261417
-0.176246
-0.121705
-0.102197
0.00252008
0.0137527
-0.0199224
-0.132072
-0.150534
-0.160448
-0.226311
-0.106862
-0.157449
0.0439183
0.0167817
1.07264
1.09807
0.117453
-0.0922966
0.420106
0.446086
0.0364932
-0.0494694
0.0636039
0.206766
-0.0595782
0.226084
-0.156376
0.0965201
-0.0575868
1.37127
0.123643
0.226489
0.103119
0.157248
0.0343429
0.135512
-0.0202622
-0.254317
-0.044522
0.0259169
0.100665
0.335598
-0.195418
-0.207618
-0.128427
0.0545397
-0.0943889
-0.087757
-0.128
0.211254
0.211694
0.209445
-0.0142183
0.105053
0.0145029
0.0616574
0.0226393
0.271993
-0.0252698
-0.131263
-0.150531
0.889256
-0.137538
-0.135272
-0.395322
0.157724
-0.0643881
0.354793
0.00646629
0.585601
0.287043
0.10173
0.128785
-0.215116
0.159851
0.302117
0.0198606
0.315737
-0.0660304
-0.0888018
-0.0561169
-0.0250378
-0.24174
-0.0573236
0.0345067
0.0314984
-0.169317
-0.135442
-0.130196
-0.25726
-0.120976
-0.132417
-0.140509
0.247322
-0.178291
-0.214998
-0.0230406
-0.388341
-0.0886239
0.566998
0.540985
0.18407
-0.109005
0.4423
0.242599
-0.0604943
0.196347
0.0228223
0.129204
-0.158975
-0.113423
0.339546
-0.413096
0.157262
0.188214
0.652293
-0.238939
0.0411646
1.17694
0.245519
-0.194834
-0.123773
-0.00169869
-0.208719
-0.214322
0.214384
-0.53859
0.140382
0.155505
-0.522144
0.307681
-0.199561
-0.352335
-0.3265
0.260573
-0.240046
0.0620692
0.0169058
0.211581
-0.0819236
-0.277703
-0.288039
-0.3114
-0.1969
0.0868529
0.175946
-0.0412727
0.0467137
0.0837007
0.212752
0.123303
0.0881485
-0.0462641
-0.148991
0.0377881
-0.283719
-0.195691
-0.225345
-0.195053
0.0545397
0.0224074
-0.502684
-0.576591
-0.0638796
-0.0657563
-0.168782
0.055027
-0.115623
-0.103608
-0.0898193
-0.0821878
0.212632
-0.0815638
-0.0451807
-0.212399
-0.214781
-0.367082
-0.295457
-0.0127495
-0.0590528
-0.074168
-0.0057777
0.569583
0.43369
0.238856
-0.178521
0.0344629
0.0751904
0.541095
0.374127
1.24467
-0.350961
0.0131121
-0.076996
-0.0705256
-0.0299722
0.0681273
-0.0301272
0.114832
-0.0376767
-0.054904
0.0487099
-0.250577
0.0917072
0.0286368
0.185382
-0.150402
-0.127533
0.144155
0.0222809
-0.0513348
-0.0228714
0.0161115
0.190304
-0.0553084
-0.624258
-0.107226
-0.110626
-0.189035
-0.187971
-0.0817867
0.12956
-0.00121487
-0.016282
0.30857
0.181819
-0.149671
-0.230793
0.0127405
-0.0287895
-0.0648613
0.0748546
0.121737
0.209662
-0.0424699
-0.195433
-0.262266
0.0257318
-0.10829
0.218021
-0.187868
-0.448382
-0.0114721
0.421482
-0.269439
-0.00950179
-0.331649
0.101332
0.059143
0.161173
0.57297
0.175909
0.368262
0.0405491
0.342722
-0.180803
-0.265517
-0.304399
-0.120591
0.434813
0.303392
0.0609675
0.179572
-0.0534766
0.0316316
0.00792371
1.2383
1.07359
0.078262
0.0494786
0.0855146
0.104747
-0.0345352
0.195054
-0.122729
0.201155
-0.0024415
0.0854635
-0.205514
-0.143979
-0.117028
0.422203
0.374609
-0.180789
-0.250146
-0.131188
0.108712
0.245786
-0.0402753
0.135829
0.103663
-0.0837714
0.282691
-0.0803996
-0.169962
0.142281
-0.203615
-0.366671
-0.0667251
0.521504
-0.387189
0.0921609
0.0362803
-0.0574353
-0.0212437
0.617986
-0.0630899
0.381216
-0.0699886
-0.0216771
-0.517331
-0.159087
0.054947
1.30752
0.276394
0.550839
-0.0853449
0.0163647
0.0284835
0.0468949
-0.323815
0.00668638
0.374794
-0.0760563
-0.0719334
-0.202771
-0.0451863
0.35732
0.178647
0.358319
-0.400857
0.597181
0.212989
-0.0937635
0.189229
-0.042611
-0.0661181
-0.0899802
0.0102607
0.15346
-0.132414
-0.274829
-0.302812
-0.133755
-0.547357
0.123234
-0.214602
-0.259471
0.030943
-0.0752812
-0.0396215
0.597429
0.0115081
0.165796
0.113875
-0.508986
0.00862387
-0.090758
-0.0127907
0.0557977
0.0475352
0.237391
0.0155513
0.149069
0.00419048
0.162413
0.230923
0.178161
-0.082569
0.0203783
0.584364
0.206279
0.037215
-0.390797
-0.0552239
-0.101396
0.160179
0.241183
0.00697876
0.2728
-0.0683843
0.187473
-0.167943
0.331936
0.139372
-0.0741192
-0.118587
-0.0636259
-0.601727
0.409245
-0.0354777
0.335942
0.631927
0.133969
-0.439318
0.195419
-0.0273969
-0.0203507
-0.000310458
-0.0157542
0.0778603
0.377258
-0.24573
0.499185
-0.0762238
0.510215
0.255357
0.0986064
-0.0892977
0.206482
0.0860173
-0.256028
0.720693
-0.167828
-0.0574002
0.270954
-0.0990803
0.00756751
-0.430951
0.0265282
0.164215
-0.0430646
-0.0380945
-0.0793338
0.123486
-0.616092
0.161092
-0.267444
-0.155005
0.309607
0.176355
-0.214042
0.209674
0.0265453
-0.553966
-0.464889
-0.0431077
-0.688736
0.34374
0.180911
0.505483
-0.0101289
0.0701085
0.0495281
-0.529499
0.189671
0.081905
-0.03554
-0.0297601
-0.0618237
-0.135461
-0.28079
-0.144716
0.205777
0.369735
0.592022
0.182119
0.312092
-0.0527698
-0.255924
-0.00616491
-0.274097
0.123574
-0.0890364
0.110766
0.221626
0.567665
0.475881
-0.163749
-0.141472
0.0542465
0.015205
0.205908
-0.699757
-0.263486
0.14613
0.195979
1.05176
0.293021
-0.158121
-0.123811
-0.0485114
-0.203507
0.298675
0.000696137
0.285189
0.750312
0.117182
-0.540123
0.116695
-0.0457292
0.266231
-0.112331
-0.0128357
0.490151
-0.39126
0.301235
-0.340764
0.00768243
0.157745
0.379077
-0.660068
-0.602343
0.00914794
0.0888774
0.0369194
-0.171066
-0.0974219
-0.0514682
-0.131602
-0.16025
0.0484962
-0.0507464
0.0114135
0.0953897
-0.318679
-0.248881
0.497887
0.273
0.221064
0.154017
-1.02137
-0.105647
0.0277863
-0.126184
-0.206731
0.0413914
0.326716
-0.200658
-0.562018
0.0714783
-0.148111
0.089296
-0.143951
-0.00212746
0.152332
0.0513403
0.0758655
-0.168522
0.113602
-0.0252782
0.0529933
0.115835
-0.0832209
-0.0374714
0.279594
-0.421626
0.0578923
-0.0329332
0.0412033
1.1587
0.583949
-0.0753224
0.540596
0.00922778
-0.258867
-0.076695
-0.120935
-0.0251558
-0.0871786
0.0534372
0.154905
-0.0576374
-0.181073
-0.0038172
-0.313193
1.1305
0.244845
0.0607901
0.273416
0.140759
0.494269
0.174586
-0.061767
-0.0667533
0.588193
0.578159
-0.249792
0.371681
-0.0392282
0.0147872
0.240435
0.0857546
-0.10728
0.12088
0.0639819
0.0303209
-0.0550679
0.0363906
-0.101381
-0.00894202
-0.0117977
0.0164728
0.149275
0.0322045
-0.316193
-0.19618
-0.0674346
-0.125863
-0.0407266
0.459501
0.620865
0.10342
-0.277262
0.403868
0.26207
-0.227689
-0.251855
0.192276
-0.0838073
0.204368
-0.218183
-0.239898
0.047027
0.0245681
0.454103
0.00308215
0.488824
0.366807
-0.16172
-0.0514478
-0.0212441
-0.303887
-0.297847
-0.100714
-0.0475334
0.24991
0.248099
0.0846564
0.152176
0.161269
0.0846457
0.120642
0.0050402
0.114239
-0.00507044
0.240313
-0.0314785
0.0371981
-0.193662
-0.0531328
-0.239779
0.0241269
-0.303459
0.256277
0.0566984
-0.429855
-0.448096
0.204956
0.0880423
0.3329
-0.0155962
0.0994526
0.00565284
-0.273546
1.29642
-0.0627124
-0.0325359
0.258204
0.215283
0.639258
0.111598
0.261021
-0.775812
-0.0689984
1.1402
0.423179
-0.0120923
0.124124
0.477046
0.0465826
0.254702
-0.10478
-0.0749369
-0.0628226
0.141787
0.158602
-0.0862221
0.0291829
0.307768
0.0685555
-0.0452453
-0.0893544
0.242801
-0.152231
0.239881
-0.300669
-0.0853057
-0.710704
-0.613333
-0.0550109
-0.0586571
0.118331
0.235942
-0.0397737
0.0104326
-0.540979
0.0280998
-0.132383
1.29481
0.0812619
0.178387
-0.0626829
0.0106279
0.0190324
0.889054
0.121499
-0.306942
-0.236926
-0.259115
-0.0243333
-0.107467
0.0908047
-0.0886938
0.065988
0.163985
-0.11243
0.0636644
-0.120407
-0.187614
-0.495877
-0.703886
0.479329
0.966595
-0.00482833
-0.124807
0.264681
-0.410975
-0.345273
-0.320851
-0.0357409
0.00510974
-0.196743
-0.114687
-0.0239364
-0.465853
-0.400805
0.165948
0.304403
-0.425373
0.0592396
-0.183094
-0.0148011
-0.0867862
0.181547
-0.66529
0.105809
0.161418
-0.0380461
-0.0419987
0.210811
0.194956
0.434413
-0.033943
0.00138827
0.293124
0.0412084
0.0571544
-0.0207022
-0.0161163
-0.0946598
0.051096
0.0645819
0.0678614
0.0266276
0.668501
-0.703886
-0.316264
-0.0852897
0.0639939
-0.367888
0.963426
0.0532505
0.0745199
0.0725477
0.0585596
0.178643
0.0109002
-0.109216
0.110245
0.0525407
0.21525
-0.0930657
0.429949
0.252958
-0.0241729
0.0147864
0.0391951
-0.0403456
-0.0404444
-0.0341838
0.034619
-0.50574
-0.463858
0.0621037
-0.0619663
-0.00507908
-0.0150984
0.0989997
0.136014
-0.0357814
-0.135736
0.0547494
-0.00540682
-0.0901208
-0.0672797
0.811023
0.402199
0.0427809
-0.11173
-0.00203307
-0.120188
-0.00371127
-0.516806
0.0487806
0.079848
-0.00253796
-0.159772
-0.247811
0.0616836
-0.0350411
-0.00549668
-0.168004
-0.189563
-0.00612282
-0.532304
-0.193404
-0.29365
1.00262
0.235481
-0.101241
-0.0263434
0.0406559
-0.0241402
0.221916
0.388946
-0.0168501
-0.403835
-0.0072703
-0.0709973
-0.125825
-0.133527
0.0976214
0.229155
0.0916553
0.243626
-0.0763339
-0.227808
0.215388
0.206652
-0.111816
-0.0889119
0.434816
0.58428
-0.046437
-0.209562
-0.178875
-0.377757
-0.154051
-0.19593
1.13952
-0.0716994
0.164738
0.281863
0.433848
0.335053
0.0746599
-0.492638
-0.195938
-0.919694
0.612002
-0.0211634
0.0621194
1.32308
-0.241258
0.0431352
-0.269231
-0.0908392
-0.120767
-0.613617
-0.155244
-0.184979
0.5131
0.23682
-0.0400185
0.0856248
-0.466491
-0.108415
-0.287617
-0.18666
0.153193
0.485123
-0.341361
0.281508
0.0915263
0.285557
-0.0233347
-0.0885039
0.0295675
-0.132547
0.376048
0.079138
0.152167
0.268655
0.20409
0.0547212
0.476184
0.211694
-0.0640201
-0.0054095
-0.0535103
-0.0169925
-0.387261
0.124346
0.0828685
0.0512126
-0.00545566
0.0144077
0.0275107
0.159902
0.528864
-0.0375596
-0.0529258
-0.0862442
-0.493753
-0.0589236
-0.19689
-0.0248471
0.426253
0.307274
0.662848
0.201448
0.0933231
-0.0948316
-0.150357
-0.576224
-0.171719
0.119652
-0.0498477
0.782318
0.0501173
1.14829
-0.0901531
-0.468664
-0.0388661
-0.229412
-0.0555073
-0.217864
-0.015243
0.0399393
-0.0854858
0.124671
-0.00757267
-0.0529786
-0.0843821
0.00566086
0.0643508
0.161932
0.107878
-0.199045
-0.150177
-0.621912
-0.0962835
-0.126652
-0.0919203
0.331194
0.249756
-0.141696
0.387599
0.229235
-0.0043738
0.125481
-0.118029
0.09251
-0.321586
-0.227021
-0.245123
0.0452462
-0.00551236
0.0997085
-0.361903
-0.251121
-0.13653
-0.100837
-0.00992933
0.0133855
-0.0431448
-0.554248
0.428336
0.00876535
0.276237
0.352958
-0.15143
0.0853053
-0.0198131
0.137031
0.0165857
0.140166
-0.0346554
0.280506
0.229625
0.367592
0.278999
0.0295997
0.0697514
-0.581041
0.686077
-0.0793061
-0.237719
-0.00540019
-0.206632
0.110704
1.2423
0.0850374
-0.230315
-0.0204766
-0.312437
-0.195555
-0.393478
-0.163764
0.117765
-0.202908
-0.232354
-0.371124
-0.119404
0.0821968
-0.0396747
-0.000433185
-0.3516
-0.0129176
-0.0451582
-0.0264577
0.174541
-0.0412078
-0.0601528
-0.0219977
-0.108241
-0.0506327
-0.591336
-0.137857
-0.531212
0.060788
0.0514016
-0.171833
0.275506
0.133467
0.151938
-0.120975
-0.0148911
0.0507708
-0.103618
-0.0242642
0.572856
-0.342196
-0.0577349
-0.102044
-0.243966
0.168514
0.167822
0.0655017
0.120386
0.764726
0.439443
0.423983
0.207963
-0.0922149
0.244669
-0.0930003
0.0310344
-0.118471
0.0970985
-0.481312
-0.0848385
0.0814537
0.259444
0.095681
0.226209
-0.440679
0.0105585
-0.154522
-0.012478
-0.289851
-0.0728296
-0.0860455
0.0347269
-0.0484113
-0.0294743
0.117176
0.386132
-0.311903
-0.170566
-0.113977
-0.202489
0.241823
0.0228107
-0.87268
0.172645
-0.0862682
0.025798
-0.826941
-0.353496
-0.645983
-0.239685
-0.0444485
0.052303
0.0524886
0.256064
0.164635
-0.138677
0.264417
-0.00772917
0.263
-0.1626
-0.180638
0.00477468
-0.0811958
0.194631
0.0690246
-0.0830526
-0.205015
-0.119682
0.236094
-0.0453844
-0.195245
-0.198387
0.072041
0.0733375
0.161485
-0.192451
-0.0442242
-0.190627
-0.368124
0.41978
-0.231437
-0.103174
-0.0142619
-0.0324404
0.0592298
0.28899
0.0345187
-0.343591
0.465052
-0.733062
-0.0671378
-0.157653
-0.803245
0.176537
0.165719
0.0702603
0.398025
0.150161
0.1739
0.162691
0.233595
-0.312197
0.463091
-0.299159
-0.43725
-0.380065
-0.000523704
-0.142185
-0.306951
-0.257507
-0.255537
-0.839077
0.0473249
-0.228258
-0.501258
-0.0545538
-0.103357
-0.0156845
0.0395066
-0.115898
-0.0909253
0.0150205
0.205667
0.0254197
0.543292
1.05057
0.900433
0.261163
0.496367
0.539687
-0.012525
0.0262793
-0.0824493
0.0749398
0.0727097
0.0778655
-0.262969
-0.179692
0.432442
0.32511
-0.324907
0.0242228
-0.0258834
0.417641
-0.0129089
0.054573
0.229933
-0.271576
-0.0400318
-0.470904
-0.288684
0.0733706
0.0426617
0.310644
-0.0336074
0.0677078
0.177956
-0.0206856
0.00551228
-0.242594
-0.291523
-0.0691154
0.149842
0.134089
0.325555
0.36629
0.45802
-0.00583271
-0.192035
0.183192
0.28732
0.0452251
0.0992097
0.810662
0.0331484
0.0761803
0.341283
0.110401
-0.0239756
-0.264605
-0.0898825
0.142028
-0.384301
-0.351779
-0.0143227
-0.330371
0.311922
-0.0212789
-0.140171
-0.149256
-0.086572
-0.0981574
-0.0742714
-0.0468939
0.104929
0.238974
0.0315616
-0.101385
-0.0110068
0.0332864
-0.0879526
-0.120954
-0.000637314
-0.158966
0.151677
-0.0600277
0.225264
-0.146025
0.430207
0.167168
-0.0650898
-0.583458
0.183241
-0.243526
-0.253456
-0.290763
-0.184585
-0.761024
1.10269
0.124819
0.936137
0.0862413
0.228675
0.0105076
-0.0457667
-0.126054
0.557438
-0.108732
-0.267881
-0.0968184
0.194411
-0.163193
-0.0237879
0.132673
0.281434
-0.0980156
-0.34225
-0.180057
-0.148009
-0.067883
-0.0286453
0.0178452
0.0862158
-0.63665
0.301426
-0.146233
0.0973364
-0.150476
-0.146212
-0.103763
-0.049372
-0.256012
-0.0308529
-0.195427
0.0288207
-0.152196
-0.587581
0.00416377
0.0826374
0.139216
1.25343
1.33869
0.122749
0.185365
0.122434
-0.26225
0.0100863
-0.432937
-0.101906
-0.122824
-0.35186
-0.211893
0.14989
-0.0598397
-0.0755663
0.00635161
-0.491633
0.0154539
0.101024
-0.0106324
0.0628439
0.173972
0.287529
-0.0396568
-0.163278
-0.148206
-0.0468346
-0.0401991
-0.0242874
-0.213929
-0.255158
-0.208276
0.385609
-0.146616
0.054083
-0.0906533
-0.305906
-0.0697096
0.131854
-0.0827417
-0.0614086
-0.151093
-0.0735999
0.0366858
0.142761
-0.206752
-0.0992378
-0.0631079
-0.128608
0.00616045
0.0737257
-0.439002
-0.0380734
-0.0548054
-0.219265
-0.0425817
0.105205
-0.193529
-0.00582348
0.210884
-0.271816
-0.199014
0.0116431
0.346465
0.0446922
0.140744
0.737103
-0.327897
-0.0422168
-0.12537
0.0716742
-0.252063
-0.037852
0.0868447
-0.0859697
-0.600903
0.100526
-0.206255
0.317836
-0.206678
-0.211443
-0.0016025
-0.0887058
-0.0292894
0.231719
-0.211027
-0.077135
0.0109743
0.035354
-0.0086096
0.101862
-0.106803
-0.204626
-0.290166
-0.24069
0.0670157
-0.244975
0.0324418
0.282947
-0.0889631
-0.0956559
-0.047486
0.167445
0.216142
0.180023
-0.143689
0.183884
0.456691
-0.00226879
0.138389
0.266429
0.216362
1.01268
-0.0483226
0.0448
0.465663
0.455789
0.199061
0.127464
-0.0151607
-0.153625
-0.0462574
-0.0357566
-0.125888
-0.115562
0.179773
-0.186039
-0.329643
0.149433
-0.39809
0.00179856
0.0399159
0.0569643
-0.0415271
-0.0192195
0.400732
-0.271168
-0.0612523
0.101034
0.4095
0.25754
0.484478
1.01432
0.397177
-0.0278058
0.384245
0.823121
-0.0984972
0.0278335
-0.133194
-0.0863357
-0.188594
-0.355481
0.202396
0.0553231
0.54628
0.130601
0.0503872
-0.0756534
-0.0816137
0.266782
0.441568
0.464823
-0.843931
-0.167638
0.100596
0.0423087
-0.00144331
-0.0940525
-0.0205696
0.092949
0.23941
0.0252274
1.42543
0.956219
-0.0529938
-0.008775
0.170357
0.100656
-0.356972
-0.123505
-0.0164219
-0.296079
-0.0833815
-0.295437
-0.148125
-0.109048
0.0441914
-0.0898685
0.185665
0.0434586
0.761173
-0.661795
-0.021702
0.0824007
-0.198735
0.222776
1.00305
-0.244167
-0.114011
-0.106566
-0.0991378
-0.1375
-0.131408
0.139948
-0.0735216
-0.0144835
0.198688
0.0797256
0.0676913
0.096595
-0.0718056
0.0532712
0.0316002
-0.285484
-0.0252484
0.0568584
-0.217482
-0.00941359
-0.187209
-0.107049
-0.0543655
0.164522
-0.283608
-0.179956
0.0386188
-0.703407
0.0804625
-0.00978909
0.00536345
-0.16027
0.0196231
0.515988
0.194257
0.235578
0.0101529
-0.117764
-0.0824711
0.183945
0.99941
0.281138
-0.0653078
-0.428188
-0.338598
-0.07886
0.223917
-0.0833285
-0.121263
-0.281739
0.0269908
0.0193358
-0.135858
-0.0260948
0.217546
-0.15292
0.0671155
0.0936353
-0.165786
0.16968
-0.317855
-0.597967
0.0185861
-0.137098
-0.131712
-0.32638
0.821118
-0.0362411
-0.0443933
-0.00101859
0.0786247
-0.101455
-0.0809004
-0.354617
0.000706991
0.203929
0.0321666
-0.0335763
-0.346401
-0.0795692
0.483728
0.71457
0.18782
0.0447507
0.280528
-0.223585
-0.0950468
-0.1551
-0.297715
-0.104541
0.0596383
-0.026371
-0.182008
-0.0904515
-0.0209495
-0.266025
-0.0862104
-0.101541
0.0920557
-0.155119
0.145974
-0.0847592
0.0209127
-0.0806208
-0.0737747
0.0136496
-0.0925015
0.616464
-0.234394
-0.474196
-0.139755
0.0607654
0.0373113
-0.0934945
0.162117
0.129889
-0.119838
-0.234104
-0.0636082
0.218649
0.493431
0.0453651
0.18345
-0.0292894
-0.226778
0.104566
0.207002
0.168592
-0.210733
0.581878
-0.409416
-0.345651
0.0372849
0.0839483
-0.22682
0.048042
0.0517868
-0.113928
-0.0302349
0.283154
0.470304
-0.564484
-0.244916
0.00600551
-0.301396
-0.272895
0.00153852
0.52998
-0.000739052
-0.0910433
-0.00411901
-0.203295
0.982425
-0.120797
0.26033
0.240223
-0.371805
0.054735
0.0355422
-0.075937
0.0415205
-0.311025
-0.223456
-0.152165
-0.249696
-0.170251
-0.0209416
0.955684
-0.0175886
0.18108
-0.0234262
-0.0560397
-0.0134528
-0.0752061
-0.141111
-0.206496
-0.210526
-0.133786
0.396439
0.413203
-0.0682199
-0.138925
-0.144141
0.0495352
0.141099
0.135873
-0.100765
-0.353048
-0.177609
0.170125
-0.108949
-0.114065
-0.185128
0.223782
0.00398493
0.107391
-0.00420149
-0.0323422
0.390937
-0.172425
-0.091648
0.180614
0.222744
-0.0880211
-0.128994
0.0043512
-0.140062
0.0707324
-0.0786325
-0.150392
0.243539
-0.0754812
-0.172797
0.0464658
0.173865
-0.112597
-0.147112
0.00789997
0.228864
-0.241839
-0.00087173
-0.0951277
-0.077939
-0.0292539
0.0934829
-0.063985
0.0940477
0.0420692
0.251896
0.175626
0.326605
0.180153
0.153105
0.114433
0.0197317
0.0589257
-0.334527
0.279149
0.234922
0.0205022
-0.121394
0.214011
0.326471
0.208772
-0.51044
0.252427
0.130229
0.229937
0.177262
-0.10841
-0.120387
0.0224716
-0.042784
0.215277
0.0962134
-0.313136
-0.132123
-0.0399769
0.146513
0.11855
0.143165
0.125202
-0.038403
-0.332508
-0.150325
0.29326
1.0198
1.19225
0.0683021
0.0729943
-0.0956538
0.489398
0.117429
0.567362
-0.136444
-0.0596996
0.240686
0.178206
-0.113192
0.180858
-0.943687
0.177883
-0.350919
0.205234
-0.0173413
0.195419
-0.170791
0.491257
-0.464199
0.0189192
0.0687515
-0.231828
0.0324873
0.0509884
-0.4469
-0.527999
0.22585
-0.0672906
-0.0329661
0.264833
0.31311
0.178038
0.72445
0.240895
0.261063
0.277577
0.0696469
-0.513516
-0.259849
0.0113117
-0.249417
-0.223076
0.347712
0.228995
-0.087944
0.0633026
0.387159
0.580131
0.330323
-0.0537532
0.567873
-0.185437
-0.103034
0.0640662
-0.114444
0.252402
-0.0643214
0.106561
0.0868235
-0.386817
0.328892
-0.104455
0.0019515
0.085004
1.45171
-0.81399
-0.692033
-0.176496
-0.194961
0.0112392
-0.130466
-0.0221052
-0.0657738
0.309793
-0.118249
-0.0244739
-0.100449
-0.0791823
0.0676855
0.32809
0.177185
-0.0233015
0.0386927
-0.0302986
-0.104711
0.134425
0.00415469
-0.0810767
-0.272073
0.375913
0.171162
-0.0597152
0.149713
-0.123801
-0.415603
0.517376
-0.20776
-0.137224
-0.03789
-0.322018
-0.353093
-0.109763
-0.347148
-0.546675
0.192613
0.244242
-0.103864
0.290693
0.0277608
-0.187705
-0.251503
0.539702
-0.294903
0.2641
0.174659
0.0737146
-0.563349
-0.664268
0.772201
-0.000238708
0.0756461
0.0918507
-0.159252
-0.771302
-0.100549
-0.693779
-0.107505
-0.0666611
-0.147069
-0.631548
-0.589665
0.3191
-0.0203239
0.261411
0.308267
-0.798062
0.225989
0.127124
-0.0934764
0.0849202
-0.0350498
0.1019
0.20916
0.0735485
0.0146348
0.414343
-0.323486
-0.432521
-0.277744
-0.198244
-0.0195191
-0.0680235
-0.0689611
-0.0697385
0.086268
-0.195763
-0.042358
0.099087
0.136401
0.135535
0.120183
0.06602
-0.0465845
-0.046296
-0.167126
-0.00757818
-0.023252
0.025426
0.234827
0.271908
0.317843
-0.516991
0.11289
-0.00519402
0.0166245
-0.0516403
0.0782277
0.425127
-0.0380556
-0.124236
-0.129532
0.143498
0.113734
0.117047
-0.0621467
-0.0235695
0.0267004
-0.0879282
0.0912788
0.203778
-0.357722
-0.874925
0.0197855
-0.123932
0.049595
0.0338261
0.0650749
-0.0682344
-0.0803013
0.438587
0.0521703
0.144456
-0.480219
-0.405311
0.345779
0.0152609
-0.0080739
0.149475
0.00508559
-0.164578
-0.188752
-0.17025
-0.105789
0.421249
-0.0103572
0.156107
-0.0826142
-0.0153582
-0.0933673
0.869245
0.281588
0.177371
0.145432
-0.21205
-0.233896
-0.0344468
0.338835
-0.0437529
-0.596888
-0.279607
-0.0158179
0.301265
-0.156686
0.0434974
0.099757
-0.372802
-0.144293
-0.00319369
0.0482163
0.388394
0.0241614
0.0836849
-0.367615
-0.0910101
0.107355
-0.156272
-0.0529348
0.211248
-0.100272
-0.241015
0.106017
0.133495
-0.00330284
0.0033708
-0.0121994
4.96982e-05
-0.165723
-0.198967
-0.203548
0.260368
-0.100533
-0.648631
-0.442353
-0.336774
0.248472
-0.102407
-0.0457239
-0.122019
0.0517891
0.212945
0.139714
0.115578
0.0732984
-0.429433
0.0775612
0.0965909
0.235926
-0.390591
-0.328601
-0.0690865
0.257172
0.482826
0.201832
-0.172837
-0.0904858
-0.135789
-0.144912
-0.205598
0.0866541
0.362917
-0.0310946
-0.0268167
0.138537
0.178616
0.230876
-0.0967876
-0.264097
-0.265214
-0.298374
0.292531
0.303941
0.538077
-0.0631663
-0.337053
-0.116246
-0.758594
-0.135949
-0.4303
-0.0768613
0.163537
-0.0708143
0.0158147
0.18504
0.0910419
0.0649282
-0.220014
0.147459
0.0369115
-0.12173
0.268483
0.153038
-0.312015
0.101506
0.0959068
-0.10864
0.220437
0.291989
-0.791766
0.0198214
-0.195057
0.0263478
-0.110508
-0.0686131
-0.0474132
0.12251
-0.0717388
0.068192
0.0170423
-0.280547
0.271487
0.0505344
-0.16927
-0.00731692
0.318099
0.202975
0.0638528
-0.0397994
-0.20962
0.122828
-0.107531
0.0571415
-0.525308
-0.0591435
0.198212
-0.42059
0.0136757
-0.00287226
-0.273566
-0.1471
-0.0630008
0.436833
-0.175586
-0.337978
-0.124688
-0.0333032
-0.133526
-0.0784327
0.392239
0.0362008
0.0659844
-0.031499
-0.0168351
-0.199577
-0.0263897
-0.127843
-0.139874
-0.372106
-0.0617672
0.0922663
-0.041634
-0.0750964
-0.0745224
-0.00491121
-0.178919
0.104687
0.15765
0.0453976
0.667659
-0.197233
-0.255769
-0.0188842
-0.0954342
0.232221
0.263893
0.35347
0.219403
0.0559645
0.0842079
-0.0250456
0.0519189
-0.087743
-0.585065
-0.183119
0.040181
-0.0774892
-0.667069
-0.162693
-0.0347889
0.201593
0.0118774
-0.181857
-0.0348167
0.0201252
-0.170158
0.0303896
0.235608
0.316101
-0.118189
0.082819
-0.0756668
0.130599
0.209895
0.026388
0.174908
0.0115917
0.0187745
-0.196126
-0.0466239
0.0282969
0.130525
0.568609
0.0578372
0.119474
0.168006
0.172648
-0.0844679
-0.194218
0.119896
0.088324
-0.429089
-0.0889647
0.218635
-0.387825
-0.401367
-0.182089
-0.0691762
0.181221
0.0401015
-0.136121
-0.124003
0.6759
0.0819912
-0.15755
0.553413
0.0702023
0.219223
-0.0839654
0.159597
0.286403
0.320803
0.0170276
-0.0773261
-0.0948416
0.188947
-0.249651
0.0305035
0.710023
0.463378
0.187343
0.0332996
0.0331605
-0.43399
0.0247433
0.0623616
-0.548675
-0.0756228
0.0337012
0.125
0.118461
-0.010602
0.0956619
-0.0549497
-0.0913926
-0.292348
-0.109203
0.0679789
0.172633
0.398532
0.104459
-0.235798
0.0343643
0.413342
0.131726
0.0894929
0.193364
-0.100055
-0.348578
-0.387078
-1.15379
-1.15916
0.241546
0.149387
-0.295709
0.0721869
-0.0638506
-0.305304
-0.159368
-0.0201366
-0.0655923
-0.212706
-0.567442
0.000455096
-0.000338099
-0.0805546
-0.101503
-0.240518
-0.19204
0.155225
-0.240316
-0.176646
-0.476641
-0.110394
0.225337
0.0887057
-0.158765
-0.240716
-0.052893
-0.153381
-0.0962522
0.100256
0.0890136
-0.539113
-0.160578
-0.160806
0.227261
0.511129
0.194555
-0.124836
0.012446
-0.484723
-0.104765
0.0267648
0.268477
0.0173399
-0.481157
-0.226684
0.330616
0.426491
0.411825
0.138356
0.0375789
-0.0378273
-0.027822
0.0689812
0.0845689
0.118605
-0.147832
0.219214
-0.109893
-0.191114
0.121689
-0.14416
-0.195284
-0.273528
-0.5362
0.379034
0.0399314
0.333433
0.096933
0.0147256
0.113102
0.132997
0.259283
0.2541
0.146835
0.00775943
0.95401
-0.0523447
-0.15961
-0.0139371
0.480996
0.374979
-0.00433405
-0.532347
-0.809802
-0.0750922
-0.00854993
-0.283848
-0.26604
0.0835054
0.303362
-0.156881
-0.182449
-0.105102
0.0879362
-0.0750889
0.11804
0.0624014
-0.0320689
-0.0100318
0.182443
0.0575042
0.307064
-0.0621058
0.263876
0.461174
-0.0850292
0.110977
0.359461
-0.030718
-0.00499607
-0.00473869
0.0934743
0.287944
-0.149603
-0.162437
-0.118036
-0.198301
-0.187522
-0.0187854
-0.1614
0.118086
-0.0132271
-0.31362
-0.261005
-0.0477983
-0.0238093
-0.0435293
-0.325167
0.283759
0.0842269
-0.251242
-0.160637
-0.0544696
-0.271838
-0.325489
-0.201658
0.0163804
-0.233823
0.438379
-0.250106
-0.380959
-0.30386
-0.0267448
0.104724
0.133177
-0.185825
0.318367
0.123897
0.0963174
-1.17496
0.428308
-0.454794
-0.295332
-0.181223
0.00970085
-0.115459
-0.190901
-0.202978
-0.180133
-0.13879
-0.167047
-0.00587928
-0.014691
-0.0456034
0.664264
0.65214
0.353916
0.416921
0.619289
0.0033857
0.0866354
-0.198107
-0.0926337
-0.144744
-0.20572
0.759003
0.201858
-0.433798
0.146445
-0.0194632
-0.0669197
0.298752
0.668815
-0.0931256
0.269815
0.194856
-0.464165
-0.299118
0.136838
0.0225867
-0.0599886
0.245319
0.263003
0.251846
-0.252264
-0.112893
-0.00485393
0.0465938
0.0313689
0.116356
0.186775
0.166341
0.0568531
-0.245374
-0.14502
-0.100528
-0.385022
-0.377608
-0.0718672
0.023241
-0.090003
-0.0365009
-0.512644
-0.493782
-0.314394
-0.154426
0.0413098
0.478329
-0.00123925
0.125198
-0.512884
-0.539897
1.66182
1.41685
0.105612
0.153437
-0.060492
-0.0318504
-0.0603801
-0.059377
0.157895
-0.46101
0.0995267
-0.399414
-0.3528
0.0299952
0.366098
0.163791
0.0916488
0.000644651
0.110326
0.247006
0.164189
0.178263
0.0362407
-0.11524
-0.0785236
0.0317801
0.030775
-0.384832
-0.0403501
-0.0522706
-0.337681
-0.149853
-0.13331
-0.0634618
0.449981
0.0275879
0.0929006
0.0198338
0.11117
-0.31118
-0.185229
0.0297627
0.0197984
-0.0376721
0.304198
0.261713
0.137422
-0.11021
0.107388
-0.318811
-0.130462
0.514391
0.0676976
0.0274641
0.0848332
-0.159404
0.261883
-0.042084
0.082757
-0.0781897
-0.311708
-0.223522
-0.36549
-0.0849347
-0.0919388
-0.756272
0.974662
0.0184763
0.0181012
-0.430095
0.843253
0.144538
-0.0826818
-0.19428
-0.114837
-0.0982536
0.00222669
-0.526136
0.131942
-0.621033
0.132154
-0.0220813
-0.476187
-0.530055
-0.055684
-0.169927
-0.128636
-0.108381
-0.160321
-0.0706636
-0.261883
-0.00582597
-0.0111187
0.24111
-0.0846845
0.0942862
-0.642102
-0.66373
-0.150135
-0.0496355
-0.308922
-0.210219
0.00467159
0.220643
-0.0670487
0.100672
0.14732
0.195459
-0.139082
0.185782
-0.65016
-0.432812
-0.0583536
-0.0612675
0.0453752
0.0757504
0.185965
0.905789
0.110407
-0.0651428
0.436662
-0.110954
0.00952387
0.436597
0.317352
-0.0193131
-0.0278854
0.105743
-0.208785
0.0575042
-0.392761
-0.131086
-0.00623586
-0.113664
-0.000797917
0.193261
0.640046
-0.143354
0.07872
0.0110425
-0.0675956
-0.47963
-0.230021
-0.0866308
-0.0455077
-0.0669723
0.0863396
-0.0162004
0.201596
0.0608708
-0.353018
-0.0413917
-0.0240849
0.539703
0.0458962
-0.789717
0.303231
-0.818374
0.0922395
-0.176664
-0.181132
-0.152857
-0.0603727
-0.549141
-0.14478
-0.173208
-0.0756283
-0.128941
-0.198287
0.0111313
0.0770566
-0.564262
0.322139
-0.0598815
-0.5912
0.128995
-0.151012
-0.112017
-0.123883
-0.199322
-0.0876077
-0.221807
-0.0889743
-0.200708
-0.0628783
0.0161115
-0.0224575
-0.0633894
-0.477095
-0.0800892
-0.0271244
0.321603
-0.0519657
-0.398147
-0.387092
-0.236193
-0.108356
-0.532652
0.190035
0.112102
-0.0171295
-0.204932
0.544439
0.0509143
0.0114414
0.0378757
-0.174199
0.456113
-0.182211
-0.0312324
0.0199955
0.390876
0.0254931
-0.00654334
0.226899
0.118352
-0.631614
-0.137141
-0.19567
0.213516
0.00714716
-0.00235097
0.00794536
0.189637
0.0284481
0.331993
0.178581
-0.0687596
-0.250944
0.16353
-0.393718
0.0825322
-0.180538
-0.808172
0.0441953
0.301664
0.184324
0.314854
0.0676438
-0.0811892
-0.0173983
0.150317
0.0795773
0.236364
0.33966
0.345243
0.606251
0.528902
0.0197156
-0.0801986
-0.185034
-0.295674
-0.013458
-0.311516
0.933351
0.0153065
-0.179741
-0.0705658
0.15743
-0.0014737
0.0111118
-0.0472151
-0.0544308
0.185598
0.265097
-0.255998
-0.328923
0.150209
-0.846765
0.560937
0.200172
0.086593
0.380498
0.541221
-0.0615002
0.303437
-0.125658
-0.161718
-0.19962
-0.213071
-0.0149697
-0.182177
-0.168788
-0.166879
1.29692
-0.0221626
-0.0180089
0.164777
0.247293
0.201506
0.00755972
-0.194185
0.017302
0.167591
0.64564
0.538621
-0.034077
-0.0377535
-0.0947737
0.0870714
-0.049856
-0.0785193
0.0142201
0.0321983
0.106305
-0.164671
0.189912
-0.489624
-0.0200145
0.396026
-0.0825942
0.513707
-0.0335359
0.251654
-0.108087
-0.137725
-0.104634
-0.260785
0.0388289
-0.127943
0.224861
-0.576874
-0.0866807
-0.0803768
-0.1792
0.35717
0.169727
-0.105769
1.0194
1.1983
-0.106462
0.000836501
0.156357
0.576508
-0.0720795
0.914209
-0.121119
0.224292
-0.273834
-0.0582334
-0.269798
0.0623137
0.0996928
-0.0826746
-0.437898
0.198632
-0.73241
0.0365378
0.268833
-0.430341
0.70249
-0.0369943
-0.278288
-0.191939
-0.349684
0.0704923
0.146324
-0.113546
-0.191738
-0.120003
-0.641807
-0.574103
0.985137
-0.0920038
0.986538
-0.532076
0.0866416
0.0954165
-0.00829065
-0.221179
-0.241792
-0.479792
-0.0361535
-0.0228666
0.114837
-0.242444
0.159137
-0.115663
0.0545894
0.0412162
-0.762259
0.138844
0.220338
-0.200455
0.140103
-0.143099
-0.116796
-0.144369
-0.555916
0.300999
-0.283811
-0.218388
0.0306254
0.280024
0.267284
-0.111974
-0.221657
0.212708
-0.947687
0.1062
0.119702
-0.0109272
-0.0320179
-0.0929586
0.385308
0.160848
0.0523645
0.110623
0.472587
-0.488333
-0.355299
-0.27992
-0.24896
-0.636419
0.638835
0.673182
-0.090366
-0.00875273
0.0879074
0.0306083
0.291578
-0.127638
-0.199915
-0.256042
-0.0674345
0.257373
-0.125499
-0.0607837
0.348999
0.106335
-0.182336
-0.347282
0.434543
-0.185534
-0.113355
-0.543593
-0.0771128
-0.00201861
-0.228425
-0.114013
0.0336233
-0.422058
0.0775267
-0.188723
0.173429
0.256909
-0.242454
-0.00835915
-0.0546603
-0.211196
-0.412597
0.219816
0.346343
-0.0718141
-0.124007
-0.227094
-0.0693472
-0.024252
0.0217459
0.824259
0.107851
0.202172
-0.808511
-0.152778
0.159134
0.09924
0.763614
0.377769
0.0634798
-0.574136
-0.105002
0.316961
0.174093
-0.045034
-0.0355282
-0.00156254
0.240223
0.0551157
0.172326
0.161666
0.180778
-0.295623
0.0677604
0.0648564
0.0201652
0.206647
0.236364
0.154022
0.136181
0.221745
-0.0213686
-0.0517282
-0.240022
-0.226759
-0.0629341
0.0639599
-0.165702
-0.156972
-0.17732
-0.0173391
-0.0174579
0.00682039
-0.0521827
-0.0280753
0.00545457
0.0592107
0.134227
0.247777
-0.0276423
0.021542
0.417639
-0.214902
0.0308946
0.160782
0.156374
0.368091
0.519341
0.582245
-0.077039
-0.416575
-0.841735
-0.0738774
0.467679
0.747343
0.253196
-0.124649
0.062242
0.21805
-0.159649
0.0830225
0.106748
0.078156
0.729719
-0.302099
0.169085
0.051763
0.0710387
0.169424
0.255693
0.262618
0.120203
-0.757958
0.116594
0.505485
0.317677
-0.0746816
0.149128
-0.116517
0.0847938
0.114551
-0.260452
0.099676
-0.0390695
0.131361
-0.176147
-0.335175
0.13503
0.0385683
-0.0940811
-0.0358126
-0.0169103
0.00519651
-0.155111
0.392972
0.596418
0.586796
0.144343
-0.215162
-0.0317368
-0.171131
0.338168
0.308283
0.210558
-0.455271
0.180999
0.284708
-0.00589734
0.328912
0.133385
-0.109632
-0.2422
-0.0990725
0.346894
-0.143605
0.227567
-0.0487706
-0.0384661
-0.0386082
-0.531037
-0.12066
-0.195091
-0.459702
0.746432
-0.0205976
0.0954995
-0.0998991
-0.0509662
0.346883
0.0331331
0.115817
-0.149609
-0.155187
0.125262
-0.228119
0.240146
1.2034
0.179111
0.235055
0.051096
0.026608
-0.126882
-0.199306
-0.250161
0.049588
0.0400784
-0.0749658
0.212107
0.0344278
0.183812
0.112023
0.804325
0.297845
0.0590594
-0.131746
-0.176767
0.100863
-0.169707
-0.181925
0.142881
-0.109089
-0.446018
0.0245354
-0.124054
0.100801
-0.21642
-0.0146525
-0.185232
-0.29427
-0.348524
0.0357849
-0.141361
-0.52552
-0.240063
-0.0445913
-0.0755414
-0.00702551
-0.0149039
-0.122109
-0.0902569
0.32777
-0.189448
-0.198997
-0.55974
-0.184146
-0.0296821
0.014576
0.622258
-0.212352
-0.684798
-0.0927565
-0.026552
-0.140159
-0.202717
0.120151
0.0637456
-0.0926083
0.370628
-0.140689
-0.217004
0.104539
0.29416
0.187996
0.0575042
-0.0744876
0.700905
0.00320762
0.314836
0.15309
0.459644
-0.0254233
-0.388745
-0.347841
-0.112112
-0.371779
0.0685252
0.0229398
-0.0142
-0.34683
-0.308485
0.12526
0.342892
0.00280535
0.107487
0.0797805
-0.132541
0.486002
0.00155947
0.01897
-0.123925
-0.53561
0.0976623
0.0392943
0.145565
0.0950284
-0.138129
-0.026406
-0.296554
-0.0661643
-0.176873
0.137117
0.414358
0.224245
-0.0865798
-0.0279978
0.0953527
0.0301266
-0.236124
0.743917
-0.0375947
0.402768
-0.0590572
0.120204
0.271449
-0.188105
0.226032
1.16994
0.386916
0.0296998
-0.309152
0.0653094
-0.196493
0.14595
-0.205958
-0.0262024
0.564365
-0.0642674
0.0529732
0.698116
0.615412
-0.027926
-0.179366
-0.215236
0.117143
0.0233439
0.0562386
-0.00487108
-0.227753
-0.0489512
-0.137775
0.0568526
0.0695461
-0.330645
-0.0145039
0.192203
-0.255292
-0.0753161
0.0271516
-0.0869221
0.104449
-0.0212878
0.402462
-0.101376
0.00874708
-0.0305197
0.042253
0.0604157
-0.421601
-0.0576307
-0.384906
-0.34895
0.502451
0.208546
0.419088
-0.118923
0.352661
-0.0735372
0.00138822
0.044552
-0.155026
-0.0692945
-0.159582
0.218136
0.00231651
0.734723
-0.258766
0.0263378
0.00730302
-0.115904
0.393902
-0.320498
0.400946
-0.074872
-0.169871
-0.123949
-0.0598707
-0.188708
-0.028719
-0.201966
-0.0247333
0.37976
-0.287389
-0.280619
-0.148793
0.0239882
0.0614621
0.223574
-0.156791
-0.0670842
0.29585
-0.211721
0.188117
-0.214454
-0.222326
0.193223
0.535134
0.280515
0.37718
0.175064
-0.0433286
0.00209594
-0.341708
-0.068541
0.311318
-0.00259684
-0.653817
0.119894
-0.131204
-0.176149
-0.0772535
0.233025
-0.429102
-0.537591
0.246158
0.178937
-0.2619
-0.26461
-0.177081
-0.0588653
0.109231
-0.305636
0.0805368
-0.115959
0.135407
-0.0698952
-0.0255246
-0.178301
-0.0749758
-0.0352739
0.330639
-0.403199
0.541731
-0.14855
-0.0902559
0.0618041
0.357688
-0.220293
0.0225554
-0.12702
0.0870686
-0.105853
0.0241363
-0.12042
0.215578
-0.149946
-0.0404511
-0.000940912
-0.128512
0.0453908
-0.0260419
-0.0818449
-0.625714
0.00406879
0.006326
0.0317714
0.139331
-0.318145
-0.360958
0.0282746
-0.366999
-0.123505
-0.979363
0.468421
-0.171801
-0.115403
-0.242769
-0.0104042
-0.140925
0.00972546
0.345961
0.295331
-0.222767
-0.813301
0.140252
-0.155187
-0.0924009
-0.101881
-0.19997
-0.253177
-0.0052487
0.179811
0.214112
-0.120785
-0.242159
-0.0338368
-0.0675898
-0.147197
-0.072092
-0.26027
-0.022043
-0.262071
-0.136745
0.168256
0.491625
0.578579
0.511605
-0.449366
-0.116804
0.0340231
0.509918
0.776439
-0.224659
-0.0472874
-0.209209
0.319604
-0.180067
-0.122269
0.3249
-0.164345
-0.100022
-0.0414211
0.166353
0.0470193
0.0325802
0.709148
0.504401
-0.0508655
-0.272033
-0.0727102
-0.106546
0.174989
0.204595
0.207861
-0.214272
-0.118457
-0.149234
-0.35161
-0.197575
0.00763115
0.0675385
-0.194132
-0.0795868
-0.129333
0.0244445
-0.0154056
0.0332994
0.0680162
0.0375555
0.022984
0.0313477
0.0931328
-0.250834
-0.289948
-0.259051
-0.220065
0.321754
0.168074
-0.0342451
-0.40767
0.0689389
-0.573925
-0.12487
0.0487179
0.0282148
-0.358581
-0.525666
-0.061768
-0.109929
-0.0699998
-0.342254
-0.391448
0.575286
-0.182256
0.414417
0.29413
-0.147057
-0.10042
0.0687486
0.107854
0.0778826
0.301363
0.256487
-0.151636
0.0625409
-0.41441
-0.0753354
0.17118
-0.656804
-0.00119223
-0.881041
-0.0293174
-0.414112
-0.0407984
0.537288
0.0977592
-0.0288985
0.168226
0.224629
-0.07143
-0.030486
-0.107851
-0.158913
-0.233584
0.127754
-0.224283
-0.22024
-0.139106
0.715599
-0.216469
-0.114599
-0.557846
0.0545598
0.150382
0.00572167
0.207688
-0.0620218
0.0530013
0.475371
0.0640777
0.876498
0.283538
0.0790532
-0.154629
-0.249033
-0.143912
-0.231659
-0.215966
-0.0820787
0.0758802
-0.184333
-0.0533683
0.0224749
-0.261616
0.471563
-0.040493
-0.0796095
-0.0435706
0.0734531
0.269634
-0.213563
-0.200774
0.572201
0.17059
-0.0378673
0.212127
0.3669
0.358063
0.0794179
-0.415714
-0.133411
-0.0919577
-0.707981
-0.0323282
-0.535546
-0.106527
0.322749
0.217604
0.291936
-0.158164
-0.26414
0.0817191
0.266982
0.484821
-0.0866534
-0.128227
0.045432
-0.225485
-0.123308
-0.164085
-0.749753
-0.0527113
0.129218
0.398705
0.0249105
0.239626
-0.0738939
-0.101352
0.260169
0.430379
0.546551
0.084087
-0.202403
0.0603762
-0.466009
-0.260045
0.0944619
0.374567
1.54218
-0.0318816
-0.195775
-0.156798
0.0642104
0.325403
0.231489
0.230955
1.01701
0.719481
0.33042
0.0166313
-0.329212
-0.381856
0.307259
0.235059
0.0640086
-0.318659
-0.0558736
-0.0811359
0.495588
-0.155612
0.152722
0.126661
-0.328701
-0.224532
0.0402408
0.313967
-0.0716074
0.897159
0.13541
0.141223
0.0994592
-0.0862406
0.0814652
0.00285899
-0.140734
0.216912
0.34999
0.00965032
-0.147512
-0.285317
0.167744
0.0217141
-0.132966
0.128904
0.0404545
-0.246838
0.117163
-0.155835
0.166582
-0.295942
-0.191149
0.0489839
0.356291
0.0124581
-0.12373
-0.0285165
0.0154521
-0.178232
0.127671
-0.0280396
0.212337
0.202482
-0.0369717
-0.0262729
0.382749
0.300911
0.516819
0.146142
0.166018
0.192123
0.140785
0.399768
0.434985
0.0623856
0.207169
0.227278
-0.557726
-0.377491
0.132108
0.0865464
0.00668052
-0.0422725
-0.22019
-0.0420032
-0.0928487
0.297493
0.0335111
-0.0822858
-0.291539
-0.287649
-0.0166286
-0.257122
0.219105
-0.0653889
0.11175
-0.126506
-0.376052
-0.203701
-0.224473
-0.0798277
-0.0161454
-0.010782
0.011329
-0.541912
-0.563579
-0.235517
0.0215195
0.0758258
-0.252321
0.0230464
-0.0380194
0.0116822
0.229407
-0.447466
0.610663
-0.129836
-0.098988
-0.0891654
-0.00397611
-0.00366944
0.995914
0.716599
0.193142
0.445335
-0.130698
-0.00322981
-0.0794991
-0.0341313
0.0440782
-0.338291
-0.00370876
0.0364057
-0.00764925
0.000692105
-0.293949
-0.257222
-0.104429
-0.1025
0.259811
0.203821
-0.0093587
-0.00482244
0.477795
-0.124583
-0.181451
-0.160155
-0.16086
-0.173551
0.319805
-0.135357
0.070534
-0.384077
-0.0396102
-0.0630988
0.0533282
0.0916449
0.0263911
-0.0490931
-0.114643
-0.229987
0.14031
-0.315408
-0.266595
-0.166617
0.11629
0.280976
0.247737
0.21575
0.0537529
0.0838331
-0.139046
-0.145334
-0.226482
-0.0764639
-0.625454
0.265112
-0.190893
-0.0589795
-0.153739
-0.446379
-0.0149401
-0.0809949
-0.487912
-0.383105
-0.0870358
-0.346823
-0.14418
-0.114761
-0.360299
0.0970127
-0.005455
-0.256794
0.296735
0.0106629
-0.202246
-0.0432731
0.0523268
-0.16163
-0.00357887
0.0975418
-0.0782505
-0.325049
-0.0935333
-0.265177
0.0569513
0.047577
-0.0718484
-0.244487
-0.109918
-0.146025
0.0135125
-0.259131
-0.118211
0.0128456
0.0892543
-0.377645
-0.271644
0.123167
0.26265
0.00843208
-0.365956
-0.0374903
-0.0535729
0.0582069
0.170599
-0.0651324
-0.0984618
-0.253002
-0.470294
0.244143
0.267421
-0.00434203
-0.130856
0.925153
-0.656608
0.212265
-0.14639
-0.636095
-0.00836793
-0.0903559
0.0174102
-0.0767746
-0.2963
-0.0720215
-0.198911
-0.100347
0.0732984
-0.0423742
-0.17511
-0.033268
0.175878
-0.0792614
0.183269
-0.310643
0.0209258
-0.0835535
-0.477661
0.162532
0.460423
-0.203727
-0.244149
-0.291394
-0.392658
-0.180022
0.0771226
0.0241298
0.818176
0.296283
0.339703
0.126551
0.710717
0.204557
-0.445193
-0.151346
0.101239
0.153676
0.381599
0.0312141
0.178196
-0.139031
0.222807
0.301072
-0.177587
0.132057
-0.223734
-0.246966
-0.0190622
-0.0581183
-0.479338
-0.646231
-0.132595
-0.0150747
0.151566
0.596874
0.0184063
-0.0621163
-0.0363148
-0.0365073
-0.0942005
-0.0590468
-0.0200357
0.0193916
-0.0213077
-0.0276859
-0.117556
0.183976
-0.048306
0.142912
0.220953
-0.138331
0.267487
0.436832
-0.175196
-0.500926
-0.461216
-0.0937439
-0.0355843
0.1192
-0.188229
-0.155437
-0.229236
-0.582816
0.333651
-0.0721681
-0.107136
-0.154472
-0.504727
-0.275089
-0.105528
-0.118001
-0.389607
0.115342
-0.0497438
-0.143031
-0.338118
-0.251495
-0.144959
-0.298621
0.143273
-0.548005
-0.548549
-0.276639
0.561306
-0.0658695
0.406056
-0.106844
-0.467773
-0.0337082
-0.222043
0.0219627
0.678048
1.05262
0.0490905
0.171213
0.187001
0.137517
-0.0499135
-0.0624182
-0.143239
-0.150148
-0.096956
-0.0876292
-0.240761
-0.054421
-0.333839
0.0582007
-0.0417797
-0.170748
0.123724
-0.441965
-0.61162
-0.264088
-0.141708
0.219655
-0.189079
0.410894
-0.124714
-0.860816
-0.109685
-0.214881
0.108919
-0.248706
0.0358803
-0.265098
0.0549953
-0.122824
-0.318586
-0.107911
0.253189
0.0443427
-0.138064
0.0470277
-0.0121664
-0.0657227
-0.0790654
0.111417
0.0792315
-0.074073
0.0670126
-0.122895
-0.0304069
-0.157493
0.158665
-0.488874
0.390108
-0.227271
-0.0148022
-0.0782596
-0.0991045
-0.0835641
0.58851
0.449265
0.0339094
-0.443312
-0.128357
-0.0320614
0.227904
0.206378
1.0175
0.271217
-0.182789
-0.512792
-0.108405
0.124792
0.237366
0.365017
-0.132494
-0.147855
-0.0952389
-0.0956913
-0.0283525
-0.119691
-0.0695803
-0.202293
0.774037
0.170159
0.0645861
-0.233645
0.0189655
-0.0941446
-0.0628485
-0.178275
-0.238216
0.0147997
0.222968
0.0683485
-0.204738
0.0981025
0.4108
-0.636409
-0.607945
-0.0261294
-0.131296
0.0498173
0.139738
0.0536334
0.0172016
0.85013
0.29695
0.11528
-0.149725
-0.0319519
-0.202094
-0.135954
-0.0559403
0.00146072
-0.0058091
0.0952163
0.0314864
0.110971
-0.609171
0.00643492
-0.0991559
-0.296033
-0.249288
0.220571
-0.213243
-0.0736753
0.50404
0.439768
0.377084
0.11977
-0.162873
-0.0836692
0.00384152
-0.113375
-0.0476691
0.103309
-0.157227
-0.0784101
0.024835
0.139383
-0.0908809
-0.349942
0.307734
0.150085
-0.178585
-0.421105
-0.11619
0.143385
-0.193947
0.322108
1.43522
0.142122
0.0145507
0.326826
0.114306
-0.278441
-0.0432072
0.132185
0.53761
0.616763
-0.083218
0.181307
0.413997
0.969346
-0.0356052
-0.0670553
-0.169669
0.131029
0.350588
-0.0416757
0.274604
0.29333
-0.217165
-0.144377
-0.00306695
-0.133454
-0.405636
0.289377
0.127389
0.0675864
-0.191238
0.0348078
0.146047
-0.139199
-0.0775709
0.3891
-0.479566
-0.0574804
-0.00787196
0.134038
0.415536
-0.196985
-0.111522
-0.302614
0.261248
0.0658562
0.235474
0.349748
0.0386845
0.0439476
-0.164982
-0.33273
-0.211311
-0.0622616
-0.0195294
-0.0156374
-0.0380279
-0.033693
0.393321
0.233152
0.759881
-0.444781
0.0687269
0.148441
-0.260508
-0.312402
-0.0642881
-0.331742
-0.00622814
-0.0469299
-0.182598
0.252194
-0.0238556
0.700362
0.0856889
0.117343
0.0238342
-0.0665799
0.527677
0.171545
-0.521523
-0.227599
-0.139568
-0.0349899
0.0347111
0.144843
-0.00782238
0.0724042
-0.0516403
-0.320726
-0.399958
-0.415712
-0.508024
-0.170054
-0.0631458
0.166303
-0.0966915
0.525784
-0.0633453
-0.0314785
0.0920334
0.0432816
-0.290929
-0.221376
-0.0921866
0.0131431
-0.16463
-0.113939
0.440442
0.236938
0.340321
-0.309883
-0.118189
0.230334
-0.0257077
-0.224182
0.171448
-0.540875
-0.0111098
-0.116374
0.225345
-0.0650587
-0.132215
-0.166789
0.0132344
0.7643
0.0296788
0.0233184
-0.0557548
-0.0773278
-0.474334
-0.451112
0.520508
0.109787
0.308575
0.171573
0.0555316
-0.199635
1.30314
-0.109742
0.097242
-0.0560622
0.292594
-0.0757706
0.629858
0.339831
-0.0597136
-0.132779
0.0825065
-0.100394
-0.0183231
-0.145518
-0.00749073
-0.130911
0.253307
-0.345845
0.169512
-0.307112
-0.339771
-0.269123
-0.491719
0.310508
0.41565
-0.0678448
-0.0711947
-0.20887
0.048799
-0.0182675
0.0675664
0.0936894
0.120686
-0.16904
-0.228254
0.287433
-0.117574
-0.0482995
-0.592512
-0.0581015
-0.0276901
0.253261
0.448802
0.555781
-0.842545
-0.423499
0.159494
-0.0965866
-0.154067
0.256431
-0.10041
-0.417963
-0.0057916
-0.0847592
-0.23211
-0.255643
0.135986
-0.281393
1.57281
-0.0346202
-0.0221929
-0.186524
0.364663
-0.139386
-0.0415476
0.39471
0.258126
0.0844655
-0.00515177
-0.11816
-0.110451
0.2224
-0.301585
0.0705061
-0.17778
0.0537602
-0.238567
-0.208464
0.0659923
-0.000487784
0.164843
-0.0673311
0.0477391
0.381111
0.507499
-0.0717184
-0.191995
-0.236047
-0.332703
-0.702026
0.0257124
-0.0067627
-0.531367
-0.55334
0.216793
0.816356
1.2549
0.0345097
0.126768
0.167137
-0.0621804
-0.191196
-0.0562148
-0.647992
-0.163328
-0.00100946
-0.245248
0.281209
-0.360854
0.251086
0.690617
0.310449
-0.0896545
0.347206
-0.399659
0.0214339
-0.0255817
-0.0662942
0.103262
0.00500284
0.348218
-0.10935
0.147973
-0.26552
-0.0645067
-0.0600359
-0.164768
-0.411017
-0.25758
-0.134337
-1.05603
-0.0522356
0.030632
-0.283484
-0.650058
0.0400381
-0.260748
-0.126735
-0.168799
0.0780552
-0.0733496
0.02094
0.017472
-0.122056
-0.073369
-0.0073602
0.276757
0.00778668
-0.0910266
-0.0580232
-0.026206
-0.166758
-0.076907
0.0706773
0.138757
0.161621
0.227012
0.131231
0.115097
-0.0860206
0.89014
0.0873513
-0.0696427
0.106994
-0.0820629
0.305443
0.838398
0.0871018
-0.108224
0.0185726
0.0789552
0.142552
1.13967
0.579518
0.356877
-0.0937837
-0.327832
-0.0763106
-0.00818646
0.105498
-0.0701338
-0.109138
-0.0514537
-0.137722
-0.0915868
-0.191329
-0.0989941
0.066945
-0.277042
0.118994
0.0855621
0.0335636
0.24131
0.168214
0.142495
-0.064446
-0.51572
-0.170657
0.266784
-0.00249375
-0.72742
-0.157146
-0.00633285
0.00651199
0.154629
-0.162573
-0.200001
-0.0608542
0.260662
-0.0124287
0.0342078
0.022742
-0.0585285
0.00932969
-0.245298
-0.201061
-0.0086566
-0.43608
-0.561703
-0.354285
-0.635811
-0.0263662
-0.058832
-0.0124941
-0.0545886
0.0812899
-0.370379
-0.314659
-0.309768
-0.791578
-0.270226
-0.461352
-0.0996096
-0.23591
-0.108284
-0.193667
-0.419089
-0.0047618
-0.0592228
-0.0464956
0.0899562
-0.0374714
-0.0208953
-0.558796
-0.0738873
-0.221604
-0.091643
-0.0991186
0.035082
0.0906258
0.874022
0.17401
0.621959
0.203502
-0.192151
0.234546
-0.185717
-0.24185
0.713327
0.643831
1.50934
0.57285
0.0998857
0.584417
0.157243
-0.0274658
0.0454308
0.287663
0.0703069
1.15444
-0.618022
0.0412713
0.0440851
-0.119051
-0.0759184
-0.249617
-0.321534
-0.0114989
0.0140709
0.00965427
-0.13921
-0.440183
-0.414162
-0.00679449
-0.0260465
0.0708246
0.284966
0.0131801
-0.240302
-0.142596
0.0511485
0.243247
0.200606
0.0975681
-0.0628725
0.0864143
-0.0638223
0.0328437
0.0702027
0.257112
-0.0809772
0.0669854
-0.247452
0.540085
-0.0712386
-0.0271465
-0.0492171
-0.228342
-0.0848447
0.028945
0.00336895
-0.118099
-0.189901
0.00761965
0.0316969
-0.195855
0.213887
0.532376
-0.124216
-0.0137423
0.0449403
0.0331409
0.328324
0.231392
-0.00817462
0.095986
0.125769
0.134604
0.0520028
0.0153978
-0.073532
0.199958
-0.194822
0.305049
-0.125109
0.1232
-0.180538
-0.703186
0.187057
0.428408
0.314527
-0.0109604
-0.107409
0.210214
0.244851
0.0452236
0.20195
0.473928
0.671231
-0.0932546
-0.0530128
-0.0928302
-0.178522
0.0360241
0.020527
0.0609253
-0.0577457
-0.0135474
-0.0361357
-0.479317
-0.236434
-0.0167487
0.196962
-0.21715
-0.197174
-0.0463868
0.0146614
-0.185962
-0.077214
0.0326128
-0.0186833
0.00522454
-0.0386628
-0.0697187
-0.111118
-0.083825
0.040777
0.021803
-0.116014
0.296321
0.290615
0.0110258
-0.146138
0.0372013
-0.2326
-0.244197
-0.388875
-0.0754825
-0.00772719
-0.267958
0.0934229
0.0044085
0.343898
0.0227421
0.452595
-0.00470838
-0.0301542
-0.0277914
-0.401723
-0.184671
-0.111801
-0.0232738
-0.115901
-0.298681
-0.525912
-0.0960798
0.521365
0.172447
-0.0218458
-0.199899
-0.0534114
0.140202
-0.151024
0.137037
-0.363838
-0.246319
-0.652806
-0.519421
0.0207308
-0.129856
-0.202588
0.00248183
-0.0229836
0.365013
0.563226
-0.246116
0.0835324
-0.212372
0.525893
1.22458
-0.0224911
-0.0341404
-0.124552
-0.220553
-0.123692
-0.183805
-0.0349732
-0.0618502
0.0187981
0.134085
0.157805
0.073604
0.192546
0.0274939
0.0537613
-0.240211
-0.0485204
0.0369549
0.0678323
0.723569
-0.160373
0.366956
-0.3506
0.301307
0.267185
-0.137275
0.0360138
-0.0112687
-0.293909
-0.0138831
0.024517
-0.147341
-0.257282
-0.193221
-0.0509515
-0.427396
-0.40726
-0.238682
0.162998
-0.121949
-0.00378096
-0.0469211
0.163069
0.0110588
-0.207736
0.161703
0.167095
-0.141831
-0.00435667
0.00760973
0.161289
0.147276
0.126337
0.176568
0.189688
-0.0446493
-0.140637
-0.0325608
-0.0656117
0.11871
0.120727
-0.0491971
-0.0178187
-0.0541291
-0.00950449
-0.00424938
-1.00084
0.0448584
0.028062
0.701437
1.06712
0.201115
-0.118663
-0.207906
-0.00317901
-0.194648
-0.0700259
-0.116139
-0.313571
0.0562911
0.101202
-0.206501
-0.161297
-0.0972844
-0.131024
-0.0276706
0.0563703
0.0927799
-0.0357361
0.142942
-0.0231236
-0.209253
-0.278638
-0.000412585
-0.525136
0.216175
0.327466
-0.0806319
0.323477
0.0259415
0.394206
-0.116132
-0.0790576
0.338599
-0.218747
0.0397327
-0.0736084
-0.0841892
-0.242609
0.00849849
-0.176036
-0.0165307
0.767532
-0.000487784
0.302764
-0.189054
-0.167737
-0.0763732
0.107443
0.112222
-0.103761
0.0571398
0.0893323
-0.208002
-0.446575
-0.0807119
0.0652264
-0.115634
-0.34963
-0.207242
-0.106323
-0.047113
0.374823
0.593441
0.00873018
0.0403114
-0.178972
-0.48947
-0.0574947
-0.100462
-0.255862
0.441756
0.10709
0.0868383
-0.161242
-0.131186
-0.576318
0.0575042
-0.0426016
-0.129582
-0.164856
0.150483
-0.0609957
0.112793
0.00250391
-0.0645815
-0.0584204
-0.119794
-0.157145
0.0245478
-0.089341
-0.230651
-0.145928
0.0205286
-0.0427995
0.0439015
0.377959
0.0563963
0.213838
0.130294
0.173069
0.0172558
-0.0509602
-0.140661
-0.0513371
-0.31835
-0.108345
0.245328
-0.0169857
-0.279126
0.0330166
-0.086462
-0.0883772
-0.0573175
0.637416
0.418697
0.236297
-0.0374635
-0.086031
0.124254
0.0151548
-0.0913468
-0.0012015
-0.222416
0.212135
0.147822
0.104177
