0.273008
0.0224953
0.148332
0.004077
-0.395547
-0.105263
0.147662
0.817924
-0.0179701
0.200635
0.56284
-0.00679251
0.0652259
0.0684923
-0.0318489
0.197879
-0.49985
-0.0757814
0.0164858
-0.129173
-0.0267873
0.0533701
-0.00632442
-0.0844968
0.456558
0.124263
0.1409
-0.0164661
0.0237336
-0.0198204
-0.147194
-0.412498
0.0384864
-0.0267179
0.233745
-0.0220805
0.0909016
-0.981478
0.0201964
0.0102305
0.24976
0.0998892
-0.0898276
0.0999343
0.208851
0.0240252
0.0700381
-0.151132
0.0321662
-0.401147
-0.792383
-0.0429635
-0.526652
-0.265207
-0.629071
-0.076236
0.178749
0.0755289
-0.0579491
-0.121864
-0.250664
-0.0116339
0.0947036
0.105007
0.11576
-0.131269
0.821851
0.289997
-0.0904849
-0.177903
-0.0942876
-0.144351
1.07465
-0.0713181
0.246569
-0.421919
0.150312
0.0641872
0.201429
0.165209
-0.283693
-0.383519
-0.168529
-0.0171515
0.000508465
-0.0626776
0.206516
0.215968
0.417327
0.0235078
0.112301
0.08863
0.044777
-0.0726813
0.0413304
-0.121667
0.151238
-0.0659676
0.133643
-0.0313636
0.0963913
-0.0155617
0.110803
0.506115
-0.193746
-0.238177
0.133034
-0.370923
-0.292539
-0.0577797
0.144403
0.0497102
0.150166
-0.0118729
0.0903304
0.0775865
0.22558
0.103043
0.406292
0.265032
0.289834
0.143304
0.343373
0.220279
-0.0186301
-0.0182549
-0.0214225
-0.0364995
0.0942556
0.117311
0.395884
-0.589888
0.271239
-0.101796
-0.517171
-0.330075
0.0369818
0.0476009
0.0100308
0.0740729
0.266264
0.071161
0.205195
0.0963354
0.066865
-0.204633
-0.20436
-0.0261078
0.277548
-0.580263
0.817068
-0.046877
0.181286
0.11029
0.0745001
0.053916
0.415402
0.0263792
-0.0531841
0.0640721
0.14932
-0.58233
-0.194196
0.0060655
0.0416626
0.172267
-0.142975
0.175129
0.112581
0.109609
0.25038
0.234077
0.144586
0.0330987
0.209035
-0.240946
0.0700492
-0.0231843
-0.255803
-0.438765
-0.128784
-0.118379
-0.231917
-0.0266115
-0.000753417
0.335758
0.0566928
0.16053
-0.0507988
0.103598
0.105043
0.042538
-0.135459
0.205682
-0.0278753
-0.049686
-0.00416738
-0.276559
0.120771
-0.158467
0.0704881
0.10276
-0.0798334
0.0652257
-0.0355289
0.150139
-0.437419
-0.412545
0.113893
-0.00928523
0.014786
0.186138
-0.154064
-0.0545518
0.149706
-0.144375
-0.154318
-0.434288
-0.0475962
0.0602727
-0.0135871
0.185864
-0.122017
0.407517
-0.117917
-0.0271385
-0.114671
-0.540862
-0.0338578
-0.0967226
-0.0798633
-0.346164
-0.104599
0.111639
0.131536
0.0615329
0.0142484
-0.112355
-0.175011
0.146806
-0.165569
-0.185844
-0.0557093
0.112936
0.0792927
-0.213051
-0.0848098
0.0523508
-0.0487234
-0.746438
-0.154245
-0.0985995
-0.0822035
-0.137091
-0.469712
-0.469683
-0.3347
0.0114266
-0.26996
0.151215
0.0421542
0.136347
0.0380778
-0.351173
-0.131821
0.223436
0.0368264
0.355982
0.038153
0.0943801
0.155897
-0.159313
-0.031631
0.0866028
-0.0565656
0.496232
-0.100563
0.0426559
-0.140365
-0.187199
0.124327
0.141191
0.0220237
-0.0579472
-0.0725263
-0.28625
0.237687
-0.0342873
-0.0774934
-0.167899
-0.348068
-0.0595461
0.0322962
0.0406915
0.127746
0.0784766
-0.471211
0.21786
0.0154282
0.114492
0.0539943
0.173698
0.0926946
-0.588102
0.192095
0.0224625
-0.107795
0.0947745
-0.530462
-0.569383
0.0357159
0.0967753
0.0234286
0.335075
0.00732292
0.262282
0.242667
-0.0895624
0.0897922
0.496201
-0.0550359
-0.0851407
0.127232
0.0590703
0.168918
-0.0412343
0.0528144
-0.180645
0.0635751
0.0773524
0.262482
0.046668
0.179941
0.169432
0.0706811
0.0328197
0.0378263
0.222438
-0.868974
0.0830057
0.0844432
0.323131
-0.118358
-0.046955
-0.0622658
-0.0763364
-0.0744327
-0.372448
-0.0297813
0.128774
0.121657
0.163256
0.160355
-0.0468929
0.111469
-0.0857424
0.00607877
0.0799406
-0.343048
0.201093
-0.00888823
0.0758164
-0.100446
0.100016
-0.0385536
0.305988
-0.122288
-0.17401
-0.14247
-0.403408
-0.0523968
-0.113457
-0.0606238
0.301974
0.112464
0.15309
-0.221715
0.0468865
-0.0564713
-0.108861
-0.460174
-0.277897
0.280158
-0.00553378
0.131766
0.0947794
-0.0768314
-0.049968
-0.0910271
-0.180982
0.0714098
-0.0489186
-0.00893114
-0.0978112
-0.14247
0.137305
-0.00764559
0.484409
0.110255
-0.677319
0.0362596
0.00461816
0.316058
-0.271168
-0.248967
-0.194302
-0.107885
-0.0349992
-0.606704
-0.460176
-0.0768314
0.319693
-0.0167565
0.626926
-0.0999233
-0.0286947
-0.038266
-0.0509108
-0.037556
-0.0251043
0.0468663
0.156184
0.156618
-0.310931
0.131806
-0.0514003
0.129481
0.251551
0.0505574
0.274155
-0.0926718
0.0991262
-0.0759012
-0.106337
-0.0519889
0.251164
0.143776
0.0461762
-0.0619311
0.252619
-0.0758779
0.222916
0.106788
0.0774773
0.230981
0.469352
0.00505141
-0.0643442
0.0420801
0.02359
0.165208
0.0189905
0.140887
0.32322
-0.0788397
0.0491946
0.238773
0.133012
0.374002
0.234849
0.00481272
0.123477
0.299027
-0.0395071
-0.209367
-0.37331
0.0159717
-0.0232985
0.137909
0.056252
0.397787
-0.0430379
0.0529036
0.0785552
-0.655231
-0.16025
0.208548
-0.0673572
-0.0582612
-0.0708455
-0.000900444
-0.108544
-0.076374
0.54732
0.202153
0.0515223
0.193034
0.118582
-0.00790805
-0.286641
0.10282
-0.14826
-0.0731563
-0.566334
-0.53844
-0.298275
0.165918
0.211622
-0.456832
0.0950027
-0.115483
0.0702501
-0.13222
-0.000101847
0.0232335
-0.118965
0.0654303
0.277088
0.278615
0.0375659
0.0844828
0.042319
0.429851
0.0683596
0.0211664
-0.0394373
0.0668375
-0.13898
-0.126331
0.0435827
0.261991
0.656049
-0.0316437
-0.0646456
0.133213
0.337575
0.210488
-0.142175
0.0957162
0.282484
0.139344
-0.0360705
0.132323
0.0343997
0.269543
-0.000999052
-0.041755
0.467305
0.274369
0.136498
-0.162782
-0.110746
0.0753094
0.0879789
0.0752948
0.0836809
-0.0384154
-0.0301903
-0.00238525
-0.0651837
0.091059
-0.0306935
0.146598
0.713226
-0.0584532
0.262379
0.167789
-0.0894363
0.362322
0.113675
0.0667734
0.068915
0.322326
0.0679791
-0.155721
-0.149948
0.357996
0.144685
-0.125359
-0.0792566
-0.172475
0.0843398
0.0886682
0.0774148
-0.0985677
-0.0612184
0.0332841
-0.306026
-0.107739
0.0247424
0.149769
-0.462318
-0.159104
0.161235
0.256908
0.363738
-0.447395
-0.803606
-0.116222
-0.0456939
0.191667
0.0250035
-0.678071
-0.314541
0.033263
-0.21169
0.168101
0.100213
0.0136391
-0.33799
-0.170914
-0.153614
-0.40903
-0.689828
0.0850063
0.184613
0.269262
0.138662
0.078306
-0.172085
0.636801
0.184363
0.215444
0.203106
-0.0755792
0.0763884
-0.208833
0.285356
0.45297
0.263672
-0.449617
-0.109584
0.0316165
0.689879
0.327648
-0.948007
-0.861363
0.111915
-0.134883
-0.661645
-0.0185899
0.030902
-0.0479754
0.222014
-0.0189897
-0.185313
-0.128686
0.0961992
0.171123
-0.0283523
0.0539892
0.00329631
0.0490672
-0.0213708
0.0251032
-0.302569
0.0920359
-0.719856
0.0356251
-0.0959165
-0.338799
-0.0571632
0.150697
0.0328367
0.144159
-0.0041936
-0.0798584
-0.0513238
0.0485101
0.124605
0.198265
0.0399416
-0.23723
-0.161436
0.120331
0.085328
-0.0475168
0.338059
0.0129099
-0.00692274
-0.134903
-0.813656
-0.303082
-0.757721
-0.138852
-0.00482904
0.25045
0.630527
0.440258
0.100708
0.0695543
0.357442
-0.00209305
0.0454879
0.227122
0.0881866
0.0357672
-0.26381
-0.606523
-0.0565016
0.0192756
-0.0535188
0.129161
0.0292919
0.239437
-0.345154
-0.134974
0.0849702
0.108941
-0.0150422
-0.125467
0.0205175
-0.23968
-0.0495651
0.130976
-0.0172565
0.138741
0.13075
0.0888279
0.159721
0.0293842
-0.142608
-0.0903545
-0.201443
0.0209821
0.0917521
0.212836
0.0296249
-0.241745
-0.00142155
0.0762813
0.107899
0.183854
0.239688
0.234467
0.0525424
0.017766
-0.0856772
-0.0838943
0.0548696
0.066703
0.0842349
-0.0910567
0.0817224
-0.0146
-0.0194116
-0.0552635
0.0556229
0.150215
-0.346313
-0.0885837
0.0295271
-0.125497
0.0763689
0.239533
-0.0648736
0.0916751
0.0422744
-0.348371
-0.0920595
0.25322
0.229924
-0.0505588
0.148928
0.121755
0.0446034
0.116624
-0.0866843
0.0298769
-0.256467
-0.129589
-0.372752
-0.184801
-0.289027
0.23909
-0.460562
-0.120581
-0.131785
0.313176
0.0698579
-0.0435303
0.0176317
0.12537
0.0902839
0.0450658
-0.102468
0.0349208
-0.118611
0.108661
0.085408
0.133299
-0.723296
-0.290769
-0.659045
-0.123637
0.101402
0.139159
0.0320304
0.000566585
0.0866314
0.412554
-0.156787
-0.386178
-0.165339
-0.393934
-0.230786
0.171139
-0.0959514
0.419758
-0.402982
0.0066304
0.164221
0.128688
0.399119
-0.375017
-0.314358
-0.301658
-0.623033
0.267183
-0.0123209
0.138292
-0.163462
0.046495
-0.0685689
0.0686737
0.0778786
0.151495
0.165162
0.107908
-0.431911
0.0910495
0.0345809
0.272902
0.0335982
0.125595
-0.316576
-0.587126
-0.563386
-0.081916
0.748868
-0.393027
0.195322
0.0451207
0.0820614
0.139697
0.0572608
-0.14504
-0.0199778
0.00818808
0.0774955
0.165719
0.1791
0.0230928
-0.0633566
0.25326
0.194492
0.105044
0.14095
0.00552276
0.0610956
0.0674256
0.00144901
0.0150141
0.0644819
0.0307357
-0.123864
-0.0248333
-0.0376284
-0.158531
-0.0135205
0.106901
-0.224588
-0.027971
-0.0509308
0.152017
-0.363214
0.0228607
0.121578
0.168856
0.135321
0.233364
0.103982
0.365653
-0.112491
-0.562585
-0.0426385
0.175035
0.140883
0.188369
0.00237217
-0.439384
-0.0104157
0.03222
-0.24699
0.0414424
0.130166
0.0466179
0.0285588
-0.147688
-0.0797163
-0.216197
0.0811241
-0.809367
0.168515
-0.215721
-0.161193
-0.82143
-0.823452
0.100203
0.0650518
0.118834
-0.235669
-0.0748847
-0.115297
-0.0706086
-0.228954
-0.00578767
-0.173228
-0.0246201
-0.0281332
-0.123292
-0.74482
0.0629385
0.305071
0.554702
0.263627
0.212959
0.135436
0.379114
0.108947
0.158483
-0.384436
-0.168613
0.111941
0.108097
-0.247486
-0.0112657
0.0496441
-0.230645
-0.176778
-0.181853
-0.372543
0.228377
-0.108316
0.109251
-0.472016
0.0259381
0.385158
0.12416
-0.103251
0.0744548
0.221883
0.327572
0.350126
-0.0170361
-0.368933
-0.21343
0.068254
0.327221
-0.213051
0.032865
-0.222353
-0.646881
-0.166786
0.340459
-0.00219776
0.0801437
-0.568235
0.00474492
0.222898
0.0394528
-0.0539742
-0.0369598
-0.145017
-0.145648
-0.397769
-0.223215
-0.516186
0.287669
-0.0900461
0.0702501
0.0437752
0.183985
0.33338
0.209792
0.160179
-0.0111466
-0.151221
-0.363845
-0.142555
0.0249346
0.183559
0.800371
0.393808
0.10649
-0.561628
0.178955
0.0298501
-0.039066
0.20041
-0.114028
0.324093
0.406111
0.126467
-0.110103
0.279495
0.345082
0.382786
-0.201766
-0.109598
0.00684047
0.203028
0.258173
-0.445502
-0.480391
0.0983673
0.0560067
0.675236
0.424168
0.254997
0.559342
-0.155459
-0.0757385
-0.349854
0.187252
-0.405913
-0.441698
-0.490545
-0.00912568
0.161172
0.0605375
-0.032072
-0.0939688
-0.253451
0.278639
-0.174106
0.285007
0.459068
0.178999
-0.353347
-0.0495205
-0.100549
-0.016161
-0.220756
-0.0774067
-0.567305
-0.109554
-0.0715007
-0.449283
-0.109186
0.0259997
-0.177483
-0.514565
0.134414
0.195758
0.0206253
0.0838451
-0.261259
-0.259154
-0.0941865
-0.185319
0.224584
-0.528406
-0.0343774
-0.0326174
0.0116308
-0.555288
-0.154837
-0.193152
-0.25915
-0.0791526
-0.192774
0.170342
-0.091629
-0.211738
-0.344493
-0.00214546
0.195189
0.0733458
0.0426288
0.0508011
-0.0515813
-0.0477809
-0.114686
-0.0939576
-0.981672
-0.180512
-0.0448148
-0.25613
-0.553897
-0.188158
0.322974
0.450255
-0.244059
0.279642
0.0959273
0.152089
0.0687623
-0.112625
-0.0354083
0.0768425
0.0942667
0.112633
-0.876263
0.0651892
-0.0538129
0.204378
-0.0999692
0.100388
-0.181216
0.26407
-0.0347178
0.113654
0.19655
0.148188
0.366922
-0.124699
-0.130374
-0.231487
0.300075
0.280025
0.252666
-0.0889805
0.269271
0.257217
-0.325412
0.0469375
-0.173526
0.0244953
0.0439198
0.229078
-0.0662357
0.255155
0.22877
0.141751
-0.117944
-0.0426419
-0.01806
-0.099359
-0.155011
0.166069
0.0152826
0.179051
-0.0249072
0.289195
0.200309
0.179212
0.00291474
0.463747
-0.112366
-0.0639593
-0.363825
-0.0383857
-0.256302
-0.408838
-0.0987277
-0.255375
-0.222197
-0.116303
-0.474024
0.390791
0.0163196
0.151057
-0.370659
0.17004
-0.00105471
-0.170697
-0.557806
0.00915565
-0.0575627
-0.00500392
0.0994531
-0.180841
0.00973234
-0.0681727
0.0201221
-0.395295
-0.230484
-0.138942
-0.113088
0.143691
-0.0810091
0.362539
-0.125478
0.292587
-0.0491371
-0.723256
-0.103343
0.106201
0.176671
0.162219
-0.0336194
-0.245879
0.224904
0.176727
0.0993134
0.0216365
-0.00794778
0.0697021
-0.169275
-0.0464753
0.0484762
0.0968549
-0.103623
0.0738388
0.104776
0.119665
0.0178263
0.0233945
0.107926
0.153727
-0.223053
-0.173046
-0.119859
0.0619444
-0.286523
-0.203441
-0.0463883
-0.08628
-0.204277
0.0211697
0.0285607
0.0861806
-0.00462246
0.0270689
0.164289
-0.38782
-0.460188
-0.218253
-0.100026
0.0253034
-0.0761262
-0.0660675
-0.0751798
-0.192404
-0.380782
-0.0207663
-0.259221
-0.126042
-0.243456
0.125705
0.282056
0.305355
0.22333
1.14451
0.0908401
-0.232926
-0.169313
0.121669
-0.0281563
0.0273469
0.0225979
0.170614
0.100404
0.0122916
-0.0153326
-0.116176
-0.176682
-0.161504
-0.257271
-0.0204448
-0.178581
-0.0836732
-0.103201
0.0675336
0.0429005
0.123394
0.0864538
0.125244
0.0716626
0.167498
0.079239
0.0959671
0.0161942
0.0308894
-0.180841
0.232018
0.160132
0.011382
0.0440287
-0.00522148
-0.130019
-0.065232
0.065857
-0.127649
0.0539243
0.331938
0.753267
0.16466
0.299341
0.141731
-0.0505086
-0.0137352
0.0414597
-0.0756357
0.0754727
0.270493
-0.0647786
-0.140043
-0.0231385
-0.315348
-0.892408
-0.378435
-0.0170735
-0.344388
0.280619
0.0037802
0.137754
0.113127
0.134749
-0.0143833
0.149778
0.216969
0.169417
-0.486478
0.137871
-0.0802046
0.328523
-0.0514799
0.0270851
-0.0400022
-0.14853
-0.0745202
-0.27721
-0.244268
0.0879789
-0.87319
0.197273
0.215254
0.0811076
0.239037
0.195238
0.362315
0.0983941
0.0450692
0.0866534
0.196048
0.0319762
-0.0200287
-0.20684
0.0470669
-0.386363
0.152148
-0.0756856
-0.645495
-0.604391
-0.0443334
-0.712101
-0.0443448
-0.225033
-0.102175
0.111056
-0.038754
-0.181848
0.0172609
0.0750491
-0.0719507
0.0821444
0.26484
-0.0376422
0.0920493
0.2249
0.295971
-0.445955
0.0726888
-0.295992
-0.0529276
-0.816822
-0.122517
-0.160159
-0.127751
0.0569447
-0.0820382
0.191583
-0.254359
-0.0448036
0.767508
0.0925424
-0.0561357
-0.171713
-0.144823
-0.0515474
-1.11798
0.225094
-0.461135
-0.267739
0.721181
-0.210376
0.300353
-0.193321
0.0267652
-0.025802
0.0738026
0.117768
0.271806
0.149526
0.278659
-0.409769
-0.141358
-0.174972
-1.04499
-0.103691
-0.104754
-0.0167073
-0.0797488
-0.0508643
0.154976
0.0596138
-0.0611662
0.0421652
-0.153019
0.131194
0.00119785
0.0117251
-0.666415
-0.622309
0.233649
0.120689
0.0352018
-0.714846
-0.749929
0.225446
-0.0494428
-0.0244116
0.0581965
-0.128023
-0.179588
0.0184358
0.139949
0.0912438
-0.102234
-0.287027
0.120957
0.00975107
0.147917
0.0756981
0.0653402
0.0294855
0.219637
0.0200042
0.361003
0.0951973
0.0519685
-0.254161
0.367343
0.112824
0.360904
0.194515
0.473709
-0.543599
0.0882359
-0.748425
-0.0177496
0.391861
0.308726
0.310704
-0.195446
0.186912
-0.0143129
0.088305
0.0089047
0.286401
0.125077
0.12477
-0.0560245
-0.0979326
0.00175659
-0.724228
0.0274221
-0.0292386
-0.0368325
-0.0209195
0.0156927
-0.773215
0.0462545
-0.25048
0.0449544
-0.0178089
0.0999938
0.141365
-0.0800212
0.0882785
0.199129
0.465617
0.0118614
0.0898743
0.0232955
-0.0866207
0.0569521
-0.102016
0.164442
0.159842
0.227327
-0.226592
-0.228523
-0.156119
-0.111114
-0.0227455
-0.672759
-0.108896
0.0816351
0.196511
-0.456292
0.116891
0.529775
0.22636
0.0302727
-0.043437
0.344783
0.112148
-0.777458
-0.0875458
0.0375713
-0.266244
-0.0449535
-0.0898479
-0.162836
0.134351
0.00881862
-0.0995917
-0.00487694
0.023669
-0.0664408
-0.0210123
-0.0828354
-0.0333854
0.127463
-0.00391334
-0.116466
-0.227628
0.0390592
-0.285666
0.0378273
0.0536508
-0.129045
-0.107931
-0.20881
-0.143441
-0.0212088
0.246119
0.383737
-0.070543
0.135018
-0.0251807
0.122276
-0.160613
0.128724
0.103032
-0.0715007
-0.0599601
0.0242103
-0.0326323
-0.0218368
0.141325
-0.0219677
0.0608871
-0.0833796
0.0796535
0.147312
0.0521608
0.230439
-0.182994
-0.0735567
0.00915134
-0.0848427
0.199703
-0.105084
-0.221377
-0.120497
-0.0354502
-0.100834
-0.153283
0.00447333
0.234346
-0.602711
0.0244838
-0.121942
-0.103324
-0.034978
0.0586317
0.142329
-0.225235
-0.242301
0.0328854
-0.0473694
0.299054
0.0723982
0.151467
-0.139423
0.0413176
0.0242162
-0.0358288
0.00137434
-0.24234
-0.310924
-0.0484396
-0.143013
0.118135
-0.0845671
0.0459277
0.0310444
-0.0110107
-0.626884
-0.405233
0.0934504
-0.0993206
-0.0271313
-0.113635
0.282501
0.203238
0.202202
0.705147
0.420629
-0.265717
0.129068
0.0467756
0.0866926
0.214491
0.331934
0.313904
0.368975
0.0552838
0.169157
0.109503
0.178987
0.280035
0.1377
-0.3853
0.180972
0.40721
0.0149076
-0.663413
-0.139868
0.0094988
-0.146594
-0.0196892
-0.00112561
0.167885
-0.101585
0.306433
0.785946
0.043965
0.164633
0.118068
-0.136742
0.148275
-0.319434
0.255085
0.170953
0.187553
0.974214
-0.291876
-0.245949
0.126912
0.344503
-0.0103509
0.15055
0.0704275
0.190805
0.0547556
0.141965
-0.0503402
-0.329258
0.118527
0.00123177
0.169341
0.11815
0.298832
0.44549
-0.125885
0.390435
0.0622546
-0.234186
-0.0342624
0.0813356
0.00253845
-0.331907
-0.0574742
0.280585
0.418796
-0.00162765
-0.144103
0.850927
-0.701173
-0.00540352
0.0338628
-0.260903
0.214581
-0.0381257
-0.135381
-0.600963
0.0120028
-0.819934
0.670956
0.344485
-0.478092
0.0677467
0.748537
-0.0159062
0.0362517
0.346383
0.159787
-0.738979
-0.00840691
0.189909
-0.3312
0.145628
0.0595887
-0.0440242
-0.0336791
-0.642548
0.112213
0.304557
-0.0307295
0.239437
-0.0993817
-0.0879198
-0.129509
0.164353
0.0422716
0.830841
0.0800416
0.115765
0.181915
0.580876
0.30004
0.136007
-0.0450634
0.166518
0.069792
-0.0529083
-0.421331
-0.232965
-0.0921002
-0.0663304
-0.257836
0.077632
0.0392458
-0.0680576
-0.324401
0.0250796
0.123814
0.307411
0.115028
0.0180123
0.108674
-0.570972
-0.128662
0.445051
0.0699337
0.307252
-0.0258298
-0.0957211
-0.0549247
0.215038
-0.836068
-0.868422
0.0358331
0.214434
-0.268371
-0.532763
-0.0046633
-0.159773
0.118089
-0.0493598
0.131249
-0.0367917
0.0661406
0.116571
0.13077
0.149979
0.22296
0.370039
-0.093417
0.312838
0.0984124
0.229951
0.0367297
-0.0706458
-0.348999
0.00814265
0.290815
0.165972
-0.131999
0.0828327
0.0919841
-0.126182
-0.287899
0.00956145
0.0477021
0.0303305
0.0461408
0.20485
-0.0744855
-0.166386
0.0066044
0.0500768
-0.112594
-0.0291646
0.27477
0.0296087
-0.0190753
0.275989
0.302667
0.0168749
0.0471959
-0.126748
0.0330806
1.37533
0.0736099
0.00149838
-0.0108758
0.0569782
0.0348236
-0.00915098
-0.232295
-0.0117897
-0.14397
0.0864262
0.164621
0.0605083
0.00690345
-0.0305881
-0.399987
0.501518
0.275919
0.0294134
0.296342
0.192975
-0.123751
0.362965
0.106822
0.251985
-0.657078
0.117023
-0.112441
-0.0369599
-0.0521998
-0.0609315
-0.0211406
-0.156365
-0.0120363
0.140951
0.507703
-0.142964
-0.00354995
0.0800759
0.389543
-0.25093
-0.0850859
0.0507347
-0.122802
-0.270583
-0.0934084
-0.068537
-0.0332794
0.0555221
-0.0636309
0.0521839
-0.0678826
0.191497
-0.0452498
0.0560311
-0.0807548
0.0866802
0.0808168
0.125903
-0.0603881
0.0138276
0.044009
-0.0759726
0.0908806
0.0588014
-0.0287886
0.277327
0.0115135
0.2722
0.687867
0.239566
-0.0223093
-0.0873114
-0.253638
-0.127722
0.187468
0.364341
-0.0429757
0.0860319
0.0677595
0.209457
0.250003
0.301067
-0.251894
-0.0924078
0.076397
0.00902753
-0.13058
-0.0209008
-0.223923
0.0579343
-0.306018
0.00276131
-0.364035
-0.102795
-0.122394
-0.138474
-0.0793605
-0.191237
0.0721846
0.382087
-0.00234715
0.191042
0.0596584
0.174665
-0.152454
0.163179
-0.00184045
0.188649
0.125476
0.291957
0.385762
1.01674
-0.707752
-0.26592
-0.131194
0.0425588
-0.14594
-0.0768412
-0.105779
0.00602404
-0.0419963
-0.111876
-0.167956
-0.0465052
0.0615413
0.0537947
0.122731
0.00743124
0.198172
0.210528
0.0177966
-0.0282909
0.16903
0.132591
0.239065
-0.739264
-0.112681
-0.564807
-0.468944
-0.147085
0.165391
0.26407
0.106864
0.120548
0.0831358
-0.177883
-0.123359
0.018964
1.20163
0.325227
0.223812
-0.0728133
0.0431985
0.167568
-0.0171708
0.112396
-0.0408203
-0.205898
-0.0200875
0.0268668
0.407974
0.179736
0.359999
0.167494
-0.141231
0.338697
-0.0120232
0.103797
-0.619042
-0.51462
-0.573968
0.0538991
0.388516
0.0842748
-0.139178
0.323478
-0.0187213
0.081411
-0.0547955
-0.29609
-0.140631
-0.281
-0.234382
0.13276
-0.207158
-0.232597
0.246287
0.25755
-0.249974
0.134941
-0.102928
-0.0301334
-0.194514
0.0811752
-0.749843
0.325708
0.019047
0.0274421
0.132553
0.171977
-0.0331419
0.718176
0.0846178
0.0484931
0.151099
0.0875821
0.112846
-0.339938
-0.38756
-0.0675027
-0.0457409
-0.0268191
0.138033
0.0332885
0.29719
-0.449947
-0.0172509
-0.805256
-0.249436
0.0811079
0.4269
0.0847993
0.0348937
-0.0826993
0.024189
-0.016874
0.0507748
-0.183238
0.147466
-0.00785214
0.0937567
-0.153105
0.224499
0.131692
0.0121816
-0.0260766
0.00882054
0.0974045
-0.490513
0.0540368
0.0805458
-0.401249
-0.398674
0.258895
-0.0479162
0.0658986
-0.0530121
0.141636
0.0924316
-0.0796922
-0.241239
0.0482348
0.0791254
0.161801
-0.0753602
0.241385
0.568283
0.290194
-0.255216
-0.553333
0.034899
-0.0206505
-0.433701
0.162388
0.237542
0.0421002
-0.137014
-0.138274
-0.160414
0.111833
0.106797
0.151082
-0.120211
-0.139273
-0.535312
-0.181337
-0.231779
-0.117917
0.0976414
0.247821
-0.219799
0.272184
-0.292474
0.181978
0.0519812
0.0593522
-0.492473
0.202349
-0.173511
-0.064135
0.0368564
0.306061
0.275418
0.338714
0.116226
0.156343
0.0163991
-0.0537336
0.112386
0.21574
0.0598993
-0.123013
0.441639
-0.0669423
-0.188696
-0.0981622
0.0978848
0.185137
-0.798973
-0.248202
-1.09555
0.262659
0.0762976
0.15615
0.107978
0.0347334
-0.268972
-0.163022
0.0659247
0.606088
0.241832
0.186707
0.879708
0.407906
0.0779821
-0.0536732
-0.185221
-0.604201
-0.49455
0.202556
-0.398392
0.267416
0.0357517
-0.162177
-0.163579
0.199565
-0.0734159
0.014747
-0.0365546
-0.100727
0.465532
0.265236
0.136649
0.185389
0.571381
-0.112063
-0.000571317
0.337349
0.256717
0.159012
-0.0674913
0.037645
0.00882846
0.0205048
-0.200482
0.324135
0.120901
-0.16263
-0.240618
-0.0605737
-0.123773
-0.409473
0.0464036
0.463484
0.195205
0.0509675
0.0753346
0.0410302
0.291344
0.0171544
-0.113353
-0.194923
0.134479
-0.225571
-0.187069
-0.232323
0.0164844
0.24903
0.168742
0.460808
0.0124919
0.0353824
-0.1157
0.0789859
-0.102925
-0.308247
-0.113412
0.168319
0.150544
0.43108
0.82032
0.186084
-0.71451
-0.0568059
-0.237692
-0.191344
-0.151781
-0.101952
0.0742024
0.135227
0.0729699
0.108058
-0.211996
-0.15849
-0.0924582
0.00631391
0.0761111
0.0088525
-0.103199
-0.0300065
-0.149035
-0.122048
0.125131
0.142669
0.0598594
0.0646058
0.0787121
0.157409
0.174266
-0.167294
0.0439217
0.619601
0.147426
-0.321509
-0.221377
-0.191855
-0.0931123
-0.0106099
-0.0604112
-0.330503
-0.201227
-0.0163806
-0.158733
0.204749
-0.282578
0.139752
-0.60952
-0.0245905
-0.0513896
0.172435
-0.0160006
-0.0922837
-0.0618534
0.213207
0.0152213
0.264158
0.122426
-0.493918
0.101693
0.240518
0.198677
0.345638
0.0396051
0.128634
-0.511081
0.0771517
-0.19231
-0.0271313
-0.0692472
-0.0381506
0.0668479
-0.0460566
0.0427794
-0.0911989
-0.0471692
-0.028163
0.00311176
0.325732
0.464809
0.823206
-0.0468467
-0.0314231
-0.0626149
-0.0893464
-0.39431
0.0867808
0.0616499
-0.150368
-0.135298
0.104755
-0.433144
-0.192969
-0.118198
-0.290044
-0.125218
-0.312264
-0.134042
-0.425676
0.266707
-0.3393
0.0794581
-0.100749
-0.149451
0.131262
0.363801
0.140432
-0.200134
-0.212145
-0.0562745
0.0150851
0.00383855
0.259114
-0.0443258
0.0741699
-0.0971523
-0.76175
-0.157359
-0.0983396
0.00833488
0.0141927
0.536789
-0.0349142
0.0990288
0.069512
-0.0764664
0.160947
-0.10729
-0.170906
-0.0816969
0.225352
-0.444539
0.0631807
-0.128814
0.253173
0.0404498
-0.391491
-0.00600863
0.2156
-0.00952976
0.521998
-0.795183
-0.318561
0.127327
0.0208326
-0.0939801
0.0561495
0.200514
0.192752
-0.114542
-0.0481668
-0.236569
-0.259368
0.0987486
0.269473
-0.430737
0.174307
-0.35416
-1.01326
-0.41529
-0.318481
-0.516144
0.0354856
-0.0384511
-0.0414364
-0.130012
0.440789
0.537501
0.287284
0.249877
0.358024
-0.180253
-0.402981
-0.382714
-0.09037
-0.188893
0.489375
-0.000357062
-0.17711
-0.078229
-0.0981646
0.157234
0.0255086
-0.0588644
-0.118907
-0.154595
-0.131341
-0.143456
-0.107945
-0.0754235
-0.0667541
0.0784416
0.26868
0.152781
-0.135885
-0.225526
-0.0502069
0.0916675
0.213308
-0.0166766
-0.667643
0.226527
-0.131136
-0.275721
-0.461935
-0.583481
0.172097
-0.0750515
-0.24893
0.0469876
0.13758
-0.0468312
0.0112254
-0.744145
0.0927298
0.0134369
0.0986588
0.241876
0.172042
-0.060783
-0.262379
-0.17273
-0.152407
-0.23447
-0.839529
0.01455
-0.105146
-0.72402
-0.441577
-0.0986303
-0.0481807
-0.00756675
-0.244395
-0.25156
0.23418
0.0744273
0.269605
0.219866
0.527832
0.633899
0.296148
-0.126131
-0.0233147
0.135121
0.041004
0.126019
0.17033
-0.367423
-0.0369598
0.264126
0.0859944
0.149463
0.70223
-0.0131404
0.340895
0.165247
0.125076
0.190629
-0.52277
-0.168686
-0.225708
0.181693
-0.250566
0.203707
-0.359644
0.0614411
0.176879
0.00699679
0.236565
0.179845
0.0246604
-0.0340553
0.0529651
-0.000769287
0.0811352
-0.133254
0.0972026
-0.046054
0.184695
0.105793
0.130037
-0.0358933
0.185723
0.0854391
0.0243098
-0.517929
-0.201469
0.163353
0.147071
0.0766262
0.260725
0.0187613
0.0270826
-0.280369
0.152623
0.127093
-0.234701
-0.00677342
-0.266344
0.465018
0.227161
0.0951432
0.238887
-0.0579912
-0.013619
-0.0789089
-0.0273362
0.0824353
0.36541
-0.021124
-0.22506
-0.116989
-0.0284473
-0.175457
-0.0543261
-0.0308347
-0.205442
0.117698
0.0954669
0.196978
-0.328046
-0.222928
-0.21064
-0.353881
-0.375625
0.481594
-0.140553
-0.127686
-0.0116149
0.0063833
0.0577035
0.416592
0.147934
0.572215
0.0524998
-0.0419492
-0.112551
0.22966
-0.123565
0.681848
0.0248473
0.195828
-0.0496224
-0.00405167
-0.197112
0.233171
0.130046
0.169768
-0.517302
-0.359324
-0.229375
-0.241976
-0.171658
-0.00272594
0.0861483
0.0568861
-0.461576
0.314386
-0.0327638
0.274677
-0.0422828
0.0127694
-0.0851069
-0.162321
-0.0525117
-0.012502
-0.0581492
-0.0265943
-0.12236
-0.659905
-0.146377
0.0703344
-0.0596386
0.703898
-0.163885
0.158416
0.346191
0.625471
-0.233927
-0.320824
-0.579699
-0.256341
-0.0349446
-0.0371823
-0.0108211
0.180746
-0.0126913
0.332363
-0.149708
-0.300969
0.0426372
-0.115888
-0.155059
-0.135182
0.0953713
-0.0477386
-0.0980193
-0.211248
-0.115221
-0.0333557
-0.447743
-0.0634013
-0.127967
-0.293912
-0.3068
0.00195253
0.0240942
0.0856671
-0.0341306
-0.499431
-0.0369599
-0.0752442
-0.0672145
0.909231
-0.0881124
0.718617
0.058662
0.2564
0.0986832
-0.240699
-0.130896
0.0324392
-0.189405
0.351105
-0.387936
-0.0884756
-0.305815
-0.0867488
-0.288912
-0.51499
-0.264874
0.161023
0.354156
-0.186862
0.368455
0.0476427
0.393514
-0.000687169
0.151187
0.291069
-0.0365643
0.0509926
-0.309862
0.0163217
-0.0394036
0.196065
0.0524874
-0.216115
-0.195012
-0.75856
-0.696635
-0.238688
0.106775
-0.719534
0.0225859
-0.493649
-0.00599339
-0.0675084
-0.0405369
0.0564009
0.128865
0.230497
0.202566
0.20414
-0.14652
0.0149532
0.161682
0.21352
-0.000294164
-0.0754173
-0.0870527
0.169023
0.0784242
0.159506
0.387094
0.108758
0.36712
0.159667
0.0869357
-0.0113463
0.0363686
-0.0619335
-0.0901466
0.144122
0.10205
-0.105373
0.0296153
-0.0753792
0.0777364
-0.21234
-0.0409791
0.0166752
0.0881574
0.214286
-0.00808608
-0.0891834
0.0422214
0.128727
0.0386668
-0.0961571
-0.501729
0.0398087
-0.519038
-0.0100704
-0.0416312
0.0389682
-0.108903
0.00900856
-0.00389722
-0.12098
-0.401446
0.00511194
0.299445
0.26724
0.227921
0.127708
0.0700747
0.157552
0.183247
0.350119
-0.0358447
-0.0777221
0.164524
0.0284932
-0.0195352
-0.161166
0.160998
0.0995551
0.194303
0.011901
0.157683
-0.375167
-0.686637
0.285789
0.120135
0.0323593
-0.620489
0.0304478
0.150636
0.0541945
0.126649
-0.322346
0.00267508
0.050593
-0.201674
-0.0739877
-0.231115
-0.155493
-0.0673553
-0.166315
0.195346
0.155955
0.254663
-0.0521998
-0.0358788
-0.24564
0.131085
-0.0175721
-0.721711
-0.131674
-0.0142298
0.216233
0.261252
-0.0617204
0.438431
-0.448319
-0.0196327
0.19313
-0.136189
0.0219624
0.96502
-0.0378678
0.00196428
-0.0779579
0.234737
0.0221719
0.112791
0.492212
-0.281465
0.0776513
0.27349
0.309798
0.199129
0.17022
0.120864
0.0738082
0.104825
-0.0874134
-0.0348611
-0.035788
0.127677
0.105531
-0.201738
-0.112697
-0.0778628
0.243324
-0.112735
-0.405715
0.236202
-0.668261
-0.561743
-0.338398
-0.0736826
-0.0959958
0.209871
0.360867
0.0666687
0.0855882
-0.0447593
-0.0743241
0.124952
0.11237
0.922109
0.272434
0.248006
-0.0521058
-0.212496
0.198119
-0.0462635
-0.145014
-0.00644951
-0.255052
0.162594
0.0948355
0.0669501
-0.0261852
0.0836616
0.38609
0.0417049
0.183734
0.0580157
0.349427
-0.105931
-0.699085
-0.841731
-0.170714
0.0254939
-0.44016
0.333493
0.0480716
0.086216
-0.0165406
0.142069
-0.00827307
-0.00397392
-0.638934
-0.180247
-0.000895775
0.162681
0.0337764
-0.546171
-0.276587
0.419077
1.04037
0.147538
0.121304
0.147895
-0.211976
-0.214535
-0.110264
-0.421026
-0.053091
0.0688352
-0.352368
-0.206557
-0.144106
-0.0513976
-0.125236
0.247797
-0.0464313
0.109519
-0.257072
0.0574844
-0.285736
-0.0411423
-0.0348762
-0.350941
-0.0359028
-0.059566
0.272203
0.0578225
0.126472
-0.562823
-0.498027
-0.12838
0.00203504
0.222552
0.240437
0.324418
-0.0712231
-0.223304
0.117387
-0.155314
0.104884
0.226628
-0.232966
0.204484
-0.0749793
0.272543
-0.0239165
-0.0726787
0.548925
-0.672472
-0.130382
0.0905752
-0.0196883
-0.106596
-0.703334
-0.135808
-0.0581492
-0.183132
0.396213
0.398325
-0.859225
-0.234065
0.028503
0.221483
-0.142348
-0.0633689
-0.0505024
0.325787
0.0492133
0.135194
0.0108876
0.571697
-0.053954
0.301337
0.0186311
-0.15068
-0.231272
-0.266926
-0.0864973
0.00437473
0.111492
-0.216431
-0.118447
-0.0531449
-0.0455706
0.0980452
-0.0185018
0.687541
-0.104126
-0.414364
0.0497745
0.4537
0.429674
-0.262618
0.12504
0.182463
0.0471743
0.294373
0.183936
0.276608
0.0787423
0.0747057
0.0813193
0.203066
0.146068
-0.14047
-0.0159394
0.0451838
-0.0787314
0.142841
-0.0753161
0.398501
0.030959
0.17063
0.0882868
0.0937868
-0.34381
-0.0283523
-0.0747674
0.15224
0.260591
0.426978
0.182731
-0.138403
0.00392039
-0.29641
0.0860925
0.0895472
-0.447597
0.0149212
-0.614138
0.514902
0.412307
0.781909
0.162726
0.765567
0.682831
0.353103
0.528907
0.0746149
0.0826361
0.0772904
0.122158
0.152633
0.0912169
0.176126
0.706339
0.400219
0.284357
0.203961
0.0594682
-0.0522826
0.129372
0.00174854
0.0458324
-0.0499547
0.136138
0.183487
-0.456641
-0.341522
0.408007
0.283298
0.20294
0.147462
0.286595
0.322989
0.499147
0.530488
-0.00640695
0.0841374
0.103783
0.0922669
0.117911
0.121515
0.0833236
-0.0981295
-0.0427822
0.007125
-0.0788683
0.164808
0.00871648
-0.940084
-0.226864
-0.0149446
0.189246
-0.0312075
-0.121691
-0.0365917
0.0142421
0.0429809
-0.0729842
0.0458061
0.632422
-0.0416292
0.0409527
0.273795
0.136854
-0.352986
0.218263
-0.604121
0.0649221
-0.0938606
0.0987918
0.383733
0.0582264
-0.114323
0.188125
0.597391
-0.249817
0.11244
-0.190376
0.0046114
-0.0148542
-0.366846
-0.376326
0.186997
-0.262384
0.0711716
0.129474
0.296197
0.0302666
-0.50296
-0.0799471
-0.146094
-0.00556595
0.142988
-0.268726
-0.371122
-0.0686057
0.0432929
0.00407926
-0.0584187
0.134983
-0.0220453
-0.0414305
0.60717
0.606137
0.229731
0.0997571
0.212918
0.159201
-0.241625
-0.160207
-0.130663
0.113458
-0.255875
-0.0170856
0.14356
0.126488
0.12396
-0.222219
-0.232203
-0.136855
1.42698
-0.362591
-0.665492
-0.654651
0.151534
0.00539137
0.0181594
-0.0208705
-0.0741017
0.00170595
-0.150296
0.370444
0.0284112
0.0567917
0.0648282
-0.147258
-0.325109
-0.201977
-0.00849813
-0.46435
-0.0739783
-0.132288
0.213758
-0.00323761
0.00530126
-0.0848056
0.358446
-0.0819597
0.118868
-0.0985778
-0.429925
0.00498319
-0.134784
-0.199274
0.0829581
0.0292198
0.0770007
0.0392666
0.165252
-0.0989808
0.28327
-0.0869939
-0.694971
0.282963
0.0477699
0.00800001
-0.075175
0.812097
-0.0774143
0.140204
0.170721
0.00225563
-0.214609
-0.175519
0.17739
0.133133
0.0379918
0.336964
0.350212
-0.603447
-0.13561
-0.00864337
-0.139244
-0.0885318
-0.133435
-0.260453
0.160867
-0.207565
-0.0862825
0.0544544
0.0585092
-0.729972
0.137058
-0.136621
-0.105921
-0.152542
-0.0305602
0.124978
0.066646
0.0901769
0.325484
0.210305
-0.475614
-0.538141
-0.242238
-0.460528
-0.0136146
-0.0207226
-0.128891
0.0865665
0.241697
-0.285301
-0.18077
0.105131
0.43692
0.145934
-0.113225
-0.117927
0.051563
-0.00779031
0.182467
-0.0863958
-0.559182
-0.132175
0.354652
0.280474
0.482904
-0.139037
-0.134015
-0.0331759
0.142475
-0.13309
-0.390474
0.149917
-0.0692065
0.140193
0.0490356
0.0831848
0.153449
0.3537
-0.133026
-0.1913
0.167599
0.0659724
0.132413
-0.196721
-0.0957137
-0.54592
0.222715
0.744964
0.19803
0.14058
0.0711447
-0.231551
0.125315
0.670106
0.152445
0.0728761
0.098304
0.0470504
0.187072
0.0143633
-0.263011
0.058195
0.0914829
-0.00876472
0.0271907
-0.00033126
0.0807642
-0.0948607
0.109531
0.0891892
0.0731934
-0.159143
-0.0183806
0.527204
0.155067
0.213038
0.137447
-0.0327817
-0.834793
-0.0912312
0.105791
0.251359
-0.188754
-0.244766
-0.234579
-0.0884009
-0.108868
-0.33629
0.101512
-0.32518
0.0608266
0.098532
0.026114
0.047532
0.0447537
-0.0128689
0.199656
0.163771
0.223426
0.157343
-0.337353
0.073169
0.123716
-0.282805
-0.0414267
-0.122515
-0.0514722
-0.717469
-0.367664
-0.397643
0.0830623
-0.0504302
0.11535
-0.0538082
-0.117361
-0.172934
-0.234904
-0.350288
-0.00826078
0.047388
0.0384935
-0.0202268
0.137993
-0.211426
-0.0634763
0.0495468
0.144617
-0.0822906
0.398848
0.1744
0.0106038
0.486856
0.538596
-0.274057
0.351281
0.150883
-0.0786733
-0.156745
0.0637862
0.0571031
0.202099
-0.0142015
-0.0186863
-0.186196
0.208266
0.938305
0.332007
0.190401
-0.224466
-0.0787822
0.005447
-0.017932
-0.0184008
0.00119078
0.054415
-0.0869023
-0.0401973
-0.212988
0.253391
-0.558071
-0.0849917
0.0697508
0.100885
0.139583
0.0801447
-0.228123
0.430259
0.235663
0.114948
-0.0663309
-0.00857274
-0.0279653
0.143202
0.749783
0.146606
0.215413
0.0442649
-0.0886337
-0.0361356
-0.255569
-0.153286
-0.507218
0.293353
0.225944
0.380577
0.0596552
0.0971222
0.0682701
1.29206
0.00453737
0.0202737
0.251887
-0.0436878
-0.0702926
0.241065
-0.139771
0.00879761
0.390232
-0.0854181
0.0283196
0.166139
-0.286947
0.0544444
-0.0580675
-0.0604327
-0.511891
0.0308076
-0.070696
-0.860301
0.0131392
-0.0991974
-0.123374
-0.0133882
-0.155575
0.638569
-0.386173
-0.157203
-0.0363188
-0.117815
0.0239229
-0.347029
0.0164931
0.091936
-0.148645
0.229619
-0.000357062
-0.24154
-0.152484
-0.164991
-0.209232
-0.137782
-0.00872064
-0.294512
-0.0186113
0.104621
0.0731433
-0.054902
-0.0476494
0.138387
0.146842
0.0745371
0.100158
-0.0245348
0.0239966
-0.0811155
-0.0580952
-0.0212819
-0.0154553
-0.0226696
0.2
0.450929
0.0760425
-0.0313581
-0.0468901
0.0826858
-0.275108
-0.120971
-0.0200128
0.0790746
-0.460021
-0.00465639
-0.138717
0.0680391
-0.224684
-0.0662253
-0.0118755
-0.114914
-0.093647
0.238019
0.360004
0.279655
-0.0113847
-0.0236258
-0.0545668
0.159358
-0.130926
0.150566
-0.445994
-0.0733413
-0.137826
-0.243224
-0.929772
0.0738048
-0.104222
-0.00914493
0.0142789
0.0541909
-0.0753959
0.28206
0.164988
0.238671
0.0519627
0.165227
-0.188304
0.0978839
-0.481333
-0.0791576
-0.153292
-0.115141
-0.842149
0.320208
-0.0407132
-0.0290003
0.39731
0.234825
-0.0242547
0.358429
0.601965
0.375538
-0.257393
-0.283583
0.0129695
0.221819
0.0549853
0.0167204
-0.0529854
0.0854685
0.0946646
0.0183035
0.0648746
0.882973
0.296633
-0.171721
0.147877
0.371008
-0.102432
0.126565
0.156418
-0.243523
-0.0122886
0.0670977
0.0680078
0.143224
0.0553982
0.0626613
0.0378682
0.0211659
-0.242925
-0.0573148
0.0162421
0.25973
0.24991
-0.0449235
-1.13407
-0.0735297
0.278149
0.155697
0.0436209
0.35276
-0.0730284
-0.243141
-0.00114393
-1.05999
-1.07863
0.154926
-0.125801
-0.324469
0.162485
-0.049746
-0.185273
-0.0614849
0.0234936
0.129903
-0.0523212
-0.106068
-0.00623644
-0.0500854
-0.241473
-0.115141
-0.233384
-0.143801
-0.0087246
-0.858748
-0.241719
-0.375624
0.0635996
0.0821659
-0.0985008
-0.104712
-0.24205
0.0666785
-0.155549
-0.0784676
-0.134685
0.0666003
-0.163645
0.0279248
0.563759
0.346025
0.112599
0.186344
-0.114906
-0.0426564
-0.0952717
-0.0449194
-0.00027383
0.243261
-0.0299119
-0.429652
-0.263175
0.0124188
-0.179168
-0.0613842
0.092254
-0.0218479
-0.142781
0.0715527
0.0812951
0.0937897
0.122825
0.216261
0.273052
0.000231825
-0.085777
-0.0221418
0.146262
-0.109617
0.203823
-0.129089
0.379128
-0.0166244
-0.065836
0.0844925
0.0835575
0.103784
-0.100814
0.196502
0.172745
0.172683
0.0547533
0.299069
-0.0239246
0.160364
-0.109858
0.806182
0.338024
0.100324
-0.0210588
-0.16627
-0.0323738
0.0521709
-0.511425
-0.0853127
-0.00903708
0.241207
-0.0179197
0.257857
-0.105542
0.0346659
-0.760596
-0.164135
-0.225076
0.00521334
0.123091
0.153154
0.0135541
0.165258
0.0082369
1.0333
0.9696
0.0221396
0.202256
0.121031
0.0179865
0.10028
-0.317993
-0.139699
-0.0640874
-0.275972
-0.403274
-0.136462
-0.160755
0.18003
0.311084
-0.0435303
0.203109
0.110661
-0.0754072
0.0528321
-0.0448135
0.0864865
0.0132018
-0.172101
0.39004
0.405666
-0.880981
0.094997
-0.0584273
0.257538
-0.0362543
0.477211
0.219915
0.157028
-0.0577563
-0.178682
-0.541819
-0.641108
-0.164137
0.0370968
0.139027
0.0187623
0.213548
-0.116671
0.0868235
-0.896916
-0.0812871
-1.18591
-0.631918
-0.599373
0.0400603
-0.111503
-0.0663235
-0.0405439
0.0221255
-0.238769
-0.157676
-0.0178572
0.0688959
0.0371338
0.0750602
0.255554
0.0212479
0.170983
-0.221007
-0.419546
0.12187
-0.309919
-0.266469
-0.120326
0.0977273
0.402599
-0.366608
-1.24011
-0.448733
-0.0254892
-0.00772511
-0.201014
-0.132594
0.448054
0.113109
0.210292
-0.106509
-0.0481615
-0.0805114
0.255349
-0.124383
0.258135
0.137319
-0.0210392
-0.24835
0.0795408
0.109783
0.169504
-0.195827
-0.0364517
0.0129636
0.259371
0.232638
-0.0731732
-0.415437
0.0336425
-0.13475
-0.112209
-0.160983
-0.0487024
-0.0990588
0.133342
-0.198719
0.0485137
-0.343928
-0.0282363
-0.0203249
0.43936
-0.0993414
0.0371352
-0.720406
-0.737462
0.340431
0.431806
0.00134972
-0.0133435
-0.0697482
-0.161899
-0.185154
-0.544719
-0.00125454
0.104634
-0.073902
0.0238031
-0.015251
0.0284995
-0.0047752
0.870872
0.447604
0.209973
0.13274
0.00726392
0.206241
0.305418
0.215637
-0.704413
-0.313366
0.581652
0.322915
-0.111093
-0.0557779
-0.0484058
-0.654956
-0.0354225
-0.219872
0.0145027
-0.0510824
0.0513026
-0.100455
-0.0291981
-0.355732
0.0620709
-0.0988528
0.0401679
-0.180737
-0.141261
0.158241
0.229183
0.0854025
-0.054134
0.465775
-0.0511235
-0.322346
0.484143
0.107426
0.119702
0.0911288
0.273329
0.214169
0.00311243
0.0185416
-0.28535
-0.263964
-0.112352
-0.271147
0.0306494
-0.175068
-0.615762
0.254957
0.149417
0.126354
-0.598412
0.111965
-0.0202
-0.538884
-0.0682136
0.256365
-0.632267
0.101113
-0.141904
-0.174864
-0.349784
-0.316801
-0.157028
-0.659513
-0.734982
-0.247306
-0.166647
-0.205239
-0.00724169
-0.207539
-0.0180471
-0.157142
0.309142
-0.0498238
0.199563
-0.229782
-0.276817
-0.439203
-0.450347
-0.24046
-0.00896699
-0.06025
0.0418841
-0.499879
0.123479
-0.10487
0.313984
0.0318682
-0.0342867
-0.111162
0.0178031
-0.264123
-0.147821
0.0411982
0.517288
0.0591008
-0.12476
0.0850469
0.49994
0.115379
0.0480535
-0.349699
-0.0737982
-0.0930323
0.077052
0.106043
-0.0441446
0.0363789
0.0795742
-0.164664
0.277964
-0.226823
-0.088219
-0.124604
-0.0819521
-0.00906454
0.166271
0.119329
-0.0118748
0.144958
0.0415057
-0.127901
-0.23816
0.0380497
0.0397367
0.000264991
0.0679749
-0.133565
0.0816673
-0.124483
-0.0397777
-0.940951
-0.00028559
-0.0749945
0.480856
-0.0196795
-0.709715
-0.104264
-0.474637
0.126064
-0.273403
-0.150668
-0.117534
-0.146503
-0.198247
-0.104485
0.201939
-0.190304
-0.191282
-0.0556266
0.0144842
0.225155
-0.0846201
0.256502
0.414213
0.337726
0.0359647
-0.0959731
-0.0902495
-0.149747
-0.105107
-0.121808
-0.187065
-0.108689
-0.117265
-0.139034
-0.0531572
0.147903
0.16484
0.0524097
-0.13712
-0.0233871
0.307677
-0.44288
-0.355013
0.0960465
-0.103043
-0.148339
-0.420068
-0.0831809
-0.14369
-0.0416048
-0.174327
0.499717
0.438611
0.0407601
0.387759
0.0356352
0.383004
-0.0515178
0.0540226
-0.00875965
0.10872
0.156881
0.236123
0.0761858
0.157068
-0.602903
-0.714484
-0.280729
0.0968865
-0.0735222
-0.149546
0.0268386
0.186861
-0.0185451
0.161472
0.0428409
0.0156041
-0.307595
0.251466
-0.224385
-0.047083
0.157196
-0.312873
-0.103407
0.0902118
0.0502739
0.314561
0.192073
0.124175
0.0141088
0.169535
-0.0813433
0.260584
0.217026
0.189498
0.077375
0.103715
0.0423167
0.101454
-0.625754
-0.255172
-0.0623223
-0.755464
0.107284
-0.132295
-0.157256
0.184064
0.0965424
0.0946486
0.033401
0.262514
0.179377
0.00046156
-0.12157
0.0720915
-0.102584
0.139131
-0.48275
0.701987
-0.0314548
0.235311
0.0351629
0.264521
-0.0952419
-0.0441106
-0.446164
-0.170805
-0.207327
-0.142301
-0.203908
-0.0355
0.056283
0.168774
0.841417
-0.210682
-0.125142
0.216678
0.0410381
0.09617
-0.0544049
0.208449
-0.0314052
0.15926
0.345477
0.232681
-0.0152073
-0.649399
-0.102108
-0.153173
-0.00928991
-0.0355098
-0.106806
0.14183
0.113504
0.36098
0.0976711
-0.172341
-0.405209
0.130633
-0.120852
0.228656
-0.141031
-0.00649694
-0.229576
-0.559249
-0.563349
-0.0708325
0.0584236
0.0437671
0.539945
-0.178148
-0.138367
0.245918
1.1265
0.765174
-0.111443
0.210586
0.0190353
0.154066
-0.299853
0.0327572
0.148321
0.316801
0.426692
0.193374
0.0503328
0.182321
0.0012169
-0.00442212
0.0824756
0.0843664
0.212649
0.180733
0.258918
0.523262
-0.618376
-0.0349594
-0.280925
-0.161106
0.11311
-0.00644765
-0.269059
-0.150966
-0.295681
0.0337703
0.0226505
-0.240984
0.273904
0.198023
-0.458323
-0.404048
-0.0904042
-0.163773
0.0339971
-0.628461
0.104372
0.280471
0.0829079
0.602769
0.323025
-0.214302
-0.0908241
0.618876
0.189415
0.0907171
0.537403
-0.0581492
-0.0967069
0.0163729
-0.488063
0.176672
0.169894
0.0664289
0.16306
0.666821
-0.105258
-0.0864452
-0.325666
0.0751416
-0.0715445
0.175406
4.38486e-05
-0.268504
0.247544
0.158696
0.0244253
0.239413
0.148938
-0.0191282
-0.101224
0.297904
-0.030833
0.104727
-0.052645
-0.132101
-0.0284036
0.172728
0.356294
-0.429754
-0.17932
-0.277628
0.0414005
-0.171155
0.371865
0.334259
-0.288355
0.179381
-0.0778407
0.0742716
0.282566
-0.385158
-0.656329
-0.0642863
-0.0313114
0.0793174
-0.700806
-0.238844
-0.0953966
0.0968772
-0.740631
0.142767
-0.644035
-0.114194
-0.212434
-0.373907
-0.00613949
0.203978
0.0447072
0.010463
-0.343168
-0.0341541
0.00878356
-0.0129048
-0.100305
0.272039
-0.00720368
0.0851776
0.236214
0.0265875
0.0116394
-0.0521372
-0.0728131
-0.361723
-0.132123
-0.30871
-0.434435
0.18333
0.0330324
0.968915
-0.0568036
-0.0568008
-0.639235
-0.0151739
0.0833945
0.126331
-0.0258319
0.344214
0.0141083
-0.572891
-0.746505
0.237778
-0.1347
-0.094872
0.0993532
0.0756265
0.0644978
-0.00777426
0.125516
0.110332
0.172074
-0.166581
0.0723113
0.132395
0.0732634
0.133816
0.114005
0.246657
0.134121
0.0529903
0.0797124
-0.028807
0.258379
0.180891
0.165753
0.254501
0.275191
-0.361072
-0.00710287
0.00549797
0.0941589
0.0171266
-0.270912
0.0110541
-0.0868294
0.0966163
0.114443
0.0982702
-0.215196
-0.0939681
0.208292
0.098111
0.0597517
-0.371327
-0.00447879
0.302538
0.101412
0.252095
-0.0989644
-0.211816
-0.450989
0.143069
0.486603
1.06204
0.203077
0.118631
-0.0654826
0.000919066
0.356309
0.1077
0.0669142
0.273256
0.0188061
0.23979
-0.35499
0.253923
0.161436
0.201633
-0.034117
0.110709
-0.191862
-0.525252
0.103948
0.0756873
-0.122102
0.0788198
0.227885
0.139648
-0.0738483
0.130065
-0.295644
0.0730683
0.0834062
0.0815094
-0.26345
0.0617185
-0.350299
0.0570637
-0.149075
0.121204
-0.13558
0.0822924
0.0653197
0.474514
0.356284
0.408828
0.0824751
-0.642949
-0.102613
-0.0834173
0.0632485
0.263963
0.113623
0.196541
0.142674
0.150397
-0.0903263
0.231022
-0.0623123
-0.204543
-0.309065
-0.348773
0.137202
-0.10283
0.0638351
0.179074
-0.0812215
0.0075929
-0.199429
-0.0933363
-0.152794
-0.221685
0.0355766
0.0771118
0.0341384
0.0179761
0.317614
0.252557
0.214288
0.207989
0.308524
-0.285226
0.0113406
0.346421
0.328455
0.452293
0.18621
0.231719
0.107093
-0.00963924
-0.344183
-0.0725081
-0.136634
0.203857
-0.663988
-0.252962
0.155364
-0.699562
-0.252284
-0.183838
0.0307357
0.89001
-0.00428307
-0.145226
-0.146566
0.148548
0.14678
-0.0297813
0.0242292
0.227445
0.0276718
-0.025747
-0.118158
0.0116823
0.172757
0.41919
-0.185243
-0.2037
0.163956
0.259
-0.0360504
-0.417216
-0.537595
0.277542
0.0230464
-0.0429648
-0.120726
0.0780336
-0.00545702
-0.0478178
-0.635955
0.0589802
-0.434135
0.0553599
0.0372462
-0.116601
-0.125174
-0.102166
-0.107718
-0.175512
-0.171091
0.0320906
-0.123452
0.112065
0.00556866
-0.202501
0.315549
-0.0790698
-0.0379857
0.0381048
-0.105621
-0.00988807
0.0793336
-0.11386
-0.141886
0.0483881
-0.0299631
0.0112202
-0.369944
-0.0858445
-0.200518
-0.064473
0.11907
0.350157
-0.117563
0.202088
-0.0507187
0.00205338
-0.919313
0.490433
0.695003
0.551132
0.238428
0.174784
-0.0381789
0.418914
0.0425757
0.0925212
0.000505931
0.189089
0.270092
0.153823
0.302699
0.627917
0.0456783
0.381744
0.105668
0.134257
-0.0877378
0.0330851
0.0166603
0.330002
0.22136
-0.0884486
0.155318
-0.0845232
-0.0770842
0.293091
0.0454563
0.240831
-0.538185
0.00237655
0.254659
-0.847058
-0.229377
0.482326
0.00195233
0.146173
-0.143156
0.0539198
-0.210887
0.114023
0.0624594
0.222677
0.186918
0.154972
-0.389695
0.669277
0.516606
0.0759205
0.011597
0.00431753
0.151755
-0.00409395
0.0235873
0.368482
0.0917333
-0.032069
-0.28807
0.0627575
0.0701896
-0.0275134
0.000455768
0.216561
-0.0820867
0.0268352
0.00973057
0.0368003
0.237022
0.154319
0.153268
-0.129992
0.0438475
-0.0981646
0.0284061
0.216367
0.106309
0.240502
0.058272
-0.0824831
0.159238
-0.0711413
-0.157372
0.170772
-0.367914
-0.0403795
-0.069428
0.381039
-0.071634
-0.468956
-0.00814576
0.497023
0.211614
0.633131
0.0613912
0.233982
0.225695
0.12319
0.207644
-0.237613
0.322784
0.0543054
0.211734
0.0430671
0.0105506
0.0481886
-0.101241
-0.178408
-0.0154823
0.291768
-0.0259408
-0.762272
-0.110046
-0.00345008
0.0972848
0.386654
-0.208714
-0.0135871
0.0397498
0.244959
-0.118602
-0.0955461
-0.846651
0.313353
0.166207
-0.127151
-0.00879476
0.136463
-0.0110508
0.178671
-0.235554
-0.813823
0.0543042
0.261403
-0.701816
-0.0352671
-0.163077
0.0335662
0.111212
-0.142283
-0.136119
-0.0776386
-0.020265
0.0548338
-0.173135
-0.0790183
0.191058
-0.338645
-0.274742
0.13624
0.269332
-0.0795307
0.0193949
-0.0143725
-0.144703
-0.259497
-0.289922
-0.595479
0.0542376
-0.0812739
-0.13416
-0.148871
0.179156
0.576193
0.185663
0.0822198
-0.109231
-0.126787
0.0839137
-0.07917
-0.144721
0.0887899
0.00696241
0.130754
-0.052005
-0.123682
-0.769039
0.0866459
-0.0206544
-0.0502319
-0.282883
-0.0235915
0.26143
-0.0145383
0.0604452
0.0211326
-0.295733
-0.0248484
0.109944
0.341
-0.39743
0.354383
0.014815
-0.128146
-0.440056
-0.252691
-0.174169
0.0578207
0.0852055
0.276786
0.0171215
-0.911401
0.145226
-0.0328246
-0.674304
0.0115196
-0.0693402
0.180511
-0.0827716
0.195324
-0.159893
-0.12826
-0.762451
0.0578184
-0.142807
-0.115026
-0.0155617
-0.153358
0.263672
0.58169
-0.330956
0.22204
0.259044
0.180796
0.21585
-0.233831
-0.137965
0.11487
0.0395154
0.0317057
-0.23068
0.0627328
-0.264921
0.152152
-0.239533
0.167874
-0.108965
0.129936
-0.169088
-0.00869048
-0.354595
-0.106496
-0.240761
0.0519087
0.0642379
0.00834869
0.534715
0.277698
0.0348443
0.152931
0.251046
0.105845
-0.161384
-0.17495
-0.232887
0.107841
-0.0557252
0.209002
0.0485377
-0.0864685
-0.0734364
0.0106702
-0.376576
-0.180522
0.030972
0.11134
-0.0910025
0.313325
0.356764
0.00177953
-0.939163
-0.967497
-0.789707
-0.20282
-0.223547
-0.110709
-0.0365526
-0.413933
0.100325
-0.519568
-0.344292
-0.0223053
0.0257942
-0.0341691
0.0774508
-0.49756
-0.0309218
-0.151306
0.132773
-0.098614
0.105571
-0.0771602
0.1116
0.260414
-0.000575593
0.0520914
-0.139085
0.0162558
0.149949
0.0100483
-0.0527754
0.0480515
-0.125667
-0.0967666
0.0941153
-0.0694588
-0.740015
-0.101293
-0.161773
-0.0258398
-0.193836
0.272251
-0.260589
0.226537
0.597768
0.32724
0.227493
-0.010011
-0.063705
-0.0834461
-0.775119
-0.050133
-0.373456
-0.541146
-0.54527
0.144497
0.217191
0.727432
-0.0655236
-0.681194
-0.318953
-0.145335
-0.143221
0.163705
-0.175
0.151516
0.263223
0.246236
0.0268737
0.0956476
0.0224773
0.127319
-0.65586
0.00381042
-0.249197
0.0282496
-0.18587
0.00935203
0.0437873
0.0130167
-0.0260648
-0.344207
1.21642
-0.12823
-0.154438
0.0724331
0.0566865
0.139343
-0.0904486
-0.164501
0.246044
-0.131532
0.148141
-0.0302042
0.0596795
0.651147
0.188633
-0.215178
-0.0451235
0.20082
-0.53039
-0.0235885
-0.69824
-0.0345045
0.0447228
0.31295
0.25547
-0.0152302
0.0814998
-0.0395722
-0.0340195
0.130202
-0.270571
0.153556
-0.92074
-0.915586
0.108453
-0.247661
-0.692838
-0.0711396
-0.230811
0.101143
-0.65805
0.540987
-0.195093
-0.128831
0.0557513
0.210047
0.0148657
0.18061
-0.0308403
0.378421
-0.649282
0.0580626
0.399598
0.470882
0.685241
0.111121
0.0188545
0.022037
0.187369
0.0836439
0.57484
0.58667
0.096944
0.12887
0.154926
-0.31462
0.340047
-0.342988
-0.100971
0.0635051
0.033197
-0.118563
0.0490608
0.10057
0.16514
-0.201749
0.133549
0.165643
-0.0722241
-0.306845
-0.00386491
0.326517
0.00716483
0.252483
-0.116618
-0.235469
-0.2446
-0.176328
-0.181839
0.118488
-0.0660622
0.168893
-0.154178
0.154926
-0.0206725
0.185799
0.0841804
0.589156
-0.168287
0.285848
0.0239274
0.154379
-0.175601
-0.172433
-0.145534
-0.617453
-0.599539
0.0434224
0.0653173
0.190164
-0.264446
0.0654036
-0.14193
-0.431303
-0.32683
0.0243495
-0.11026
-0.045887
-0.0210636
0.100874
-0.0670205
0.173263
0.0456489
-0.0245785
-0.118956
0.0565687
-0.0258413
0.127666
0.160305
0.0294831
0.0475353
-0.0718408
-0.0588012
-0.056222
0.410521
0.729434
-0.0167317
0.129646
-0.359275
-0.185157
-0.403511
0.202314
-0.118188
0.0293066
-0.240489
-0.0499316
-0.0846138
-0.244205
0.0687543
0.140755
-0.531224
0.244467
0.0220884
0.0939657
-0.244341
0.0627033
0.102911
0.0458169
-0.0165075
-0.628182
-0.48169
-0.241178
0.300138
0.132372
-0.0515075
0.246638
-0.450001
0.198102
0.019313
0.0206797
0.163023
-0.190211
0.0272654
-0.0982189
-0.00872146
0.140564
-0.0776469
0.0709455
0.222092
0.412277
0.00578921
0.0062763
-0.038063
-0.000404968
0.168216
0.0178253
0.0663369
0.275169
-0.0202014
0.302748
-0.00862626
-0.126273
-0.1405
0.298622
0.320508
-0.0915128
0.0324805
0.0548016
0.15852
0.253818
-0.29501
0.0038309
-0.155322
-0.120625
0.0222548
0.0832324
0.202305
-0.162625
-0.00443305
-0.145898
0.0648273
-0.0518593
-0.100378
0.0408989
-0.350137
-0.464659
0.0260868
-0.260255
-0.234313
-0.34648
0.00420694
-0.285231
-0.283632
-0.145365
-0.0628065
0.0819486
-0.225724
-0.116394
-0.146076
0.0285884
-0.3156
-0.0694759
0.11898
-0.0407682
-0.266357
-0.748631
-0.154892
-0.0205041
0.120641
0.138998
0.191728
-0.0943708
-0.1465
-0.130093
-0.113749
-0.0278365
-0.0197709
0.0708084
-0.108753
0.0803336
-0.989783
-0.715643
0.0265925
-0.129153
-0.0272641
0.0768425
-0.335254
-0.0822302
-0.0038178
0.0145819
-0.0835468
0.25231
0.112007
0.0134189
0.00980645
-0.0993119
-0.0782416
-0.14727
-0.222756
0.227285
0.0595135
0.588099
-0.236725
0.106028
-0.202734
0.107757
-0.0852322
0.172832
-0.129437
0.130201
0.036746
0.127055
-0.00615286
-0.0828721
-0.613466
0.284628
-0.131585
0.13021
-0.221885
-0.337625
-0.669256
-0.21836
0.000528891
0.0953968
-0.35814
-0.0292457
0.0469799
0.0393379
-0.555089
-0.0189312
-0.962525
-0.06294
0.0260919
-0.0100273
-0.0368904
-0.286009
0.0874569
-0.0315495
0.10404
-0.0107862
-0.0784763
-0.101555
-0.484176
-0.339862
-0.0687721
0.000250607
-0.241902
-0.0762735
-0.138418
0.159535
0.00194434
0.106695
0.205528
0.0500424
0.0170376
0.0695701
0.374394
-0.00947459
-0.289425
0.166253
0.195456
0.0723426
-0.105936
0.693506
0.245354
0.124348
0.423727
0.505232
-0.0653939
0.216336
-0.503666
-0.0425052
-0.108316
-0.0966764
-0.38261
-0.505918
-0.0507241
0.0038815
0.294999
0.869803
0.111431
-0.0172565
-0.0870361
0.104457
0.0736692
0.049907
0.147689
0.700228
0.122123
0.0934664
0.117534
0.121169
0.0813276
0.355049
0.0459533
-0.147451
0.39203
0.228494
-0.328885
-0.0790327
-0.158421
-0.0294158
-0.20865
0.0554938
-0.173106
-0.00340333
-0.0273767
-0.235914
0.146792
0.348069
-0.0267673
0.0834623
-0.211236
0.307151
0.290472
0.376056
-0.149171
0.374597
-0.0294067
0.112039
0.0117614
0.151335
0.0601414
0.246527
0.495837
-0.603485
-0.544723
-0.207931
0.0859622
-0.59799
0.659948
0.505131
-0.438558
-0.00133313
0.0193149
0.0460598
0.567924
0.0236385
0.0673724
0.217055
-0.100666
-0.142082
-0.0217902
0.150499
-0.101781
0.456158
-0.252945
-0.112815
-0.0752799
-0.676987
-0.238384
0.13032
0.317227
-0.016389
0.146403
-0.517046
-0.442533
-0.480941
0.244339
0.245013
-0.0352828
0.194885
0.168954
-0.576773
-0.190775
-0.0940803
0.0806834
-0.205319
-0.255695
-0.195501
0.212005
-0.000853781
-0.317123
0.0737685
0.71006
-0.462568
0.10806
-0.207803
0.0348658
0.269665
0.0260018
-0.0301956
0.0485594
-0.0341509
-0.0379413
0.0600124
-0.0303695
-0.0726126
0.0919131
0.182687
-0.0657985
-0.390137
-0.235885
-0.0110327
0.0654152
0.00131044
0.051244
0.0792994
-0.231778
-0.18534
-0.162184
0.0440853
0.355411
0.280572
0.341014
0.221106
-0.0900676
-0.26036
-0.0521802
0.174021
0.0510643
0.25818
-0.0593882
-0.01212
0.0197592
0.110676
-0.217726
-0.136494
-0.322629
-0.0910207
-0.110856
0.156277
0.00913522
-0.0969578
0.0783788
0.101974
0.159491
0.092599
0.0926844
0.088231
0.0162916
0.155758
-0.0417277
0.157316
0.253553
-0.393763
-0.533968
0.00178195
0.0831331
-0.00410239
0.120544
0.146334
0.10384
0.166607
0.286428
0.188076
-0.00891489
0.0445967
-0.482169
0.166803
0.0305339
-0.0547646
0.00276702
0.179965
-0.0457952
0.856378
-0.476339
0.27392
-0.169806
0.0501903
-0.0693119
0.313428
0.0128858
0.123224
0.159454
0.150355
0.200619
0.188466
-0.438414
0.0290301
0.11849
-0.00795685
0.110702
0.245652
-0.883181
-0.0255021
-0.393401
-0.243373
-0.103188
0.230161
0.195811
-0.0844959
-0.135726
0.055336
0.0119185
0.45849
0.0166004
0.251586
0.0240594
0.0262782
-0.2322
0.209556
0.176106
-0.185599
-0.0440447
0.12036
0.272584
0.271471
-0.183249
0.0327464
0.151075
0.821067
0.0619819
0.134512
0.195427
0.125394
-0.0587408
0.0534537
0.114841
0.161563
0.15924
0.103547
0.0126695
-0.102836
-0.426126
0.175572
-0.156625
-0.164637
-0.20496
-0.0715207
0.169678
-0.26288
-0.0669357
0.234361
-0.583217
0.115964
0.31946
0.203321
0.348747
-0.00396705
-0.0984817
-0.155059
0.1842
0.319689
0.0910175
0.104729
-0.04959
-0.0355113
-0.306948
-0.361884
-0.317822
-0.0900344
-0.0546458
-0.0422241
-0.0279381
0.117006
0.033873
0.136591
0.651215
-0.53287
-0.255904
0.572526
0.0998303
-0.555212
-0.142664
-0.0796125
-0.0676117
-0.204933
-0.257725
-0.00581792
-0.0697186
-0.103662
-0.122155
0.116681
0.025831
-0.068395
-0.169656
0.0460413
-0.413177
-0.225776
-0.213051
-0.0440919
-0.0819739
0.330792
0.0168761
0.00365798
-0.360943
-1.1313
-0.535905
-0.515817
-0.666549
-0.355194
-0.127376
-0.059363
-0.261594
-0.0350959
-0.169752
0.0295414
-0.0403637
0.0647097
-0.0760096
-0.154532
-0.0173844
0.264754
0.0846453
-0.246633
0.554502
0.458167
0.244744
0.169657
-0.125279
0.399014
0.145394
-0.0408452
0.116878
-0.540725
0.000298104
0.0975593
0.0744664
-0.0684146
-0.258684
-0.146043
0.0836164
-0.031083
-0.358957
0.0723859
0.0673014
0.109542
-0.00283846
0.0438232
0.0967973
0.123979
-0.0637786
-0.117852
-0.272559
-0.378454
-0.113935
0.203855
-0.118977
-0.00382253
0.198662
0.0490194
0.127852
0.12721
0.125786
0.130883
0.154308
-0.00909166
-0.154533
-0.0296845
-0.159569
0.141571
0.185504
-0.741362
0.750706
-0.0558312
-0.116141
-0.359247
-0.396752
0.191282
0.116635
-0.195463
-0.0611498
-0.0487728
-0.0342498
0.016602
0.157258
-0.167509
-0.532608
-0.0845028
0.0178083
-0.0191343
0.00557388
0.150703
-0.528673
-0.602952
-0.19398
0.194434
-0.0525585
-0.411723
-0.479799
-0.233859
0.0406422
0.158794
0.300953
0.0827505
-0.44914
-0.810748
-0.102614
-0.200001
-0.880408
-0.799098
0.158598
-0.792025
0.016317
-0.0199626
0.215976
0.457776
0.398721
-0.086553
0.0879789
0.336297
0.150712
0.123435
-0.153402
0.431026
0.267158
-0.0779386
-0.207789
-0.357978
0.0039364
0.055734
0.122673
0.162383
-0.00125228
0.0181445
0.0341863
0.0354708
0.112369
-0.492748
0.0599502
-0.098117
-0.430469
-0.388553
-0.456442
-0.726872
-0.0308676
0.15502
0.00475808
0.10215
0.109957
0.498285
1.04558
0.290276
0.170058
-0.0155277
-0.688171
-0.186331
-0.0528149
-0.30848
-0.148849
-0.370979
-0.505817
0.324831
0.0941238
-0.00254231
0.0386761
-0.0873916
0.0901778
-0.0551822
-0.448584
-0.198954
-0.157859
-0.0726498
0.132985
0.533162
0.950079
0.197274
0.324768
-0.302034
-0.123497
-0.0258504
-0.160991
-0.219698
0.0643229
0.141311
-0.894579
0.142683
-0.066627
0.383622
-0.54287
0.154286
0.11589
0.207986
0.08014
0.185185
0.299507
0.287263
0.292371
0.346759
0.00894456
0.0163996
0.041712
0.04191
-0.231856
-0.0865238
-0.0948607
-0.887842
-0.307709
0.0879789
0.27211
0.0946003
0.346353
0.350356
0.425302
-0.260713
0.10065
0.0641647
0.0617149
0.18824
-0.0992571
-0.0288797
0.120447
0.263731
0.024425
0.00879761
0.0247814
-0.3197
0.104194
0.500462
0.275998
-0.0878343
-0.163111
-0.0392447
-0.0567835
0.0704523
0.045669
-0.0018684
-0.646332
-0.328646
-0.0558427
0.00804824
-0.0576587
0.162908
-0.111793
0.252675
0.122459
-0.0161892
-0.226462
0.383129
0.233267
0.068017
-0.401498
-0.0896677
-0.0061202
0.13319
-0.0219638
-0.00241615
-0.29808
-0.101609
0.0353097
0.0995449
0.0864915
-0.205074
-6.07327e-05
0.0425645
0.0111159
0.0540796
-0.0211151
0.0867332
-0.235694
-0.183696
-0.0773315
-0.31652
-0.580772
-0.236322
-0.692721
0.0464665
-0.0988964
0.24191
-0.134065
-0.527534
-0.180333
-0.326682
-0.322287
-0.612483
0.0176339
0.169889
-0.693826
-0.414121
0.0494515
0.0848432
-0.0919638
-0.0602788
-0.0279035
-0.0954504
0.0160703
-0.0457847
0.0293722
-0.155204
-0.0259489
-0.46499
0.188545
0.238355
-0.0205779
0.385442
0.809336
0.131326
0.409862
0.384581
0.000869674
0.327044
-0.466774
-0.311229
0.494907
0.359867
0.673599
0.136785
0.153575
0.225737
0.162818
-0.673881
0.0362135
0.324246
-0.0791943
-0.216935
-0.533839
-0.0559141
-0.0904348
0.121909
0.281051
0.0408143
-0.0926977
-0.135616
0.0210321
0.0580735
0.106512
-0.53455
-0.548989
-0.0772246
-0.0838261
-0.37722
0.267161
-0.0293147
-0.275244
0.0824123
0.162274
0.249809
0.133608
0.262296
0.327951
0.293256
-0.0925744
0.0113242
-0.106641
0.122
-0.0678713
0.194015
-0.196417
0.159789
-0.0512108
0.135906
-0.0881124
0.127968
-0.0742055
0.241394
-0.0905008
0.0920925
-0.207354
-0.0212666
-0.197173
0.00287566
0.180784
0.0718302
-0.104283
0.0498574
-0.0688329
0.0484843
-0.0756361
0.131297
0.0607602
0.219552
0.0416349
0.362728
-0.0178413
0.0467466
0.0798523
-0.0177831
-0.101114
0.294546
-0.0241473
0.362685
-0.00646254
-0.353811
0.182121
0.428209
0.568252
0.0392808
0.136484
0.169631
-0.0985894
0.170313
0.065588
0.443321
0.404268
-0.170776
-0.375976
-0.132526
-0.169225
0.00674817
-0.0853792
0.133997
-0.250386
0.0695894
0.0931323
-0.419506
-0.0612605
0.062025
0.30269
0.122279
-0.187444
-0.251538
0.0118887
-0.192848
-0.0508213
0.319356
-0.039304
-0.0271892
-0.235365
-0.156687
-0.262897
0.0149748
-0.360089
-0.291863
-0.311982
-0.108735
-0.05579
0.208256
0.00121138
0.0148969
-0.205015
-0.117916
0.0545314
0.00912123
-0.0744568
0.1905
-0.0481454
0.0193685
0.176705
0.236069
0.0181051
-0.183852
0.055245
0.0353408
-0.341714
-0.157837
-0.127317
0.255716
-0.0542111
0.338712
0.307758
-0.423972
0.0795999
-0.0598787
0.0661604
-0.141593
-0.205463
0.205376
0.00536708
0.379656
0.247558
0.364672
-0.498937
-0.465295
0.0689247
0.0369083
0.0925295
0.0297042
-0.0555582
0.721274
0.748163
0.0698096
-0.0884806
-0.0146194
0.917917
0.678593
-0.225024
0.00598151
-0.412973
-0.331561
-0.0488763
-0.565022
-0.149585
0.0675829
-0.0260378
0.0972627
-0.123993
0.0884873
-0.370123
-0.0484165
-0.180371
0.132271
-0.000289476
0.125253
0.218672
-0.0126355
-0.100088
0.285685
-0.438805
0.167638
-0.0328514
-0.253801
0.0669039
0.10855
-0.0718726
-0.0923143
-0.0820939
-0.0943857
-0.161167
-0.147881
-0.0262312
-0.412347
-0.457572
-0.0398143
0.193521
-0.0184062
-0.11886
0.109805
0.123255
0.130648
-0.0227023
0.115672
-0.13124
0.138449
0.0876327
0.100661
0.434336
0.385131
0.0276261
0.163587
-0.0529686
0.0336992
-0.130561
0.0636905
0.00312189
0.0967158
0.026124
0.064749
-0.0927119
0.0253442
-0.200978
0.00129898
-0.48923
0.11351
0.0441295
0.0462314
0.00687869
0.166019
-0.169669
-0.0680159
-0.127121
-0.199445
-0.0996497
-0.0779747
-0.0219426
-0.0286969
-0.117207
-0.0958769
0.0386286
0.287652
0.00859605
0.0561185
-0.0738773
0.043431
-0.0308244
0.0440699
0.029001
-0.148512
-0.263348
0.0469368
-0.36512
0.225396
0.0633863
0.168219
0.248999
0.167627
0.259126
0.0326163
-0.542688
0.30066
-0.467103
0.0562516
0.0199847
-0.0219575
-0.199705
0.0218905
0.163518
0.522773
0.207772
0.0980754
0.0747774
-0.600807
-0.688622
-0.034256
-0.119325
0.335505
0.00418479
0.201086
0.149439
0.0998669
-0.377419
-0.000528188
0.0384182
-0.016815
-0.595939
-0.116141
0.50597
0.0496299
0.113985
-0.0492019
-0.565062
-0.738739
-0.797605
0.055144
-0.140907
-0.0238994
-0.396911
0.195994
-0.0369598
-0.0366188
-0.0795513
-0.00621771
-0.109241
-0.0181372
-0.180591
0.0898851
0.0127881
0.0267075
-0.0804903
-0.0715104
-0.0843482
-0.415394
-0.0754611
-0.233578
-0.259417
0.577924
-0.086916
-0.111816
-0.233064
0.0928392
-0.0963069
-0.0275831
-0.0541406
0.188064
0.0889846
0.131065
0.0941591
-0.020993
-0.0871255
0.0153706
-0.0335398
-0.238156
-0.0306089
0.196947
-0.0987985
-0.303666
0.0332573
-0.12975
-0.524644
-0.134212
-0.0841989
-0.0216649
0.146481
-0.0790406
-0.0120805
0.158188
0.0461164
-0.131772
-0.0271756
-0.246784
0.0709111
0.1097
0.233531
